
if game.CoreGui:FindFirstChild("SOMEXGUI") then
	game.CoreGui:FindFirstChild("SOMEXGUI"):Destroy()
end

if game.CoreGui:FindFirstChild("OpanGui") then
	game.CoreGui:FindFirstChild("OpanGui"):Destroy()
end

local ScreenGui = Instance.new("ScreenGui")
local ImageButton = Instance.new("ImageButton")
local UICorner = Instance.new("UICorner")

ScreenGui.Name = "OpanGui"
ScreenGui.Parent = game.CoreGui
ScreenGui.ZIndexBehavior = Enum.ZIndexBehavior.Sibling

ImageButton.Parent = ScreenGui
ImageButton.BackgroundColor3 = Color3.fromRGB(0, 0, 0)
ImageButton.BorderSizePixel = 0
ImageButton.Position = UDim2.new(0.120833337, 0, 0.0952890813, 0)
ImageButton.Size = UDim2.new(0, 60, 0, 60)
ImageButton.Draggable = true
ImageButton.Image = ""
ImageButton.MouseButton1Down:connect(function()
	game:GetService("VirtualInputManager"):SendKeyEvent(true,305,false,game)
	game:GetService("VirtualInputManager"):SendKeyEvent(false,305,false,game)
end)

UICorner.Parent = ImageButton

repeat wait(1) until game:IsLoaded()

do
	local ui = game.CoreGui:FindFirstChild("SOMEXGUI")
	if ui then
		ui:Destroy()
	end
end


game:GetService("Players").LocalPlayer.Idled:connect(function()
	game:GetService("VirtualUser"):Button2Down(Vector2.new(0,0),workspace.CurrentCamera.CFrame)
	wait(1)
	game:GetService("VirtualUser"):Button2Up(Vector2.new(0,0),workspace.CurrentCamera.CFrame)
end)

if not game:IsLoaded() then repeat game.Loaded:Wait() until game:IsLoaded() end

repeat wait() until game:GetService("Players")

if not game:GetService("Players").LocalPlayer.Character:FindFirstChild("HumanoidRootPart") then repeat wait() until game:GetService("Players").LocalPlayer.Character:FindFirstChild("HumanoidRootPart") end

wait(1)

do
	local ui = game.CoreGui:FindFirstChild("SOMEXGUI")
	if ui then
		ui:Destroy()
	end
end

local UserInputService = game:GetService("UserInputService")
local TweenService = game:GetService("TweenService")

local function MakeDraggable(topbarobject, object)
	local Dragging = nil
	local DragInput = nil
	local DragStart = nil
	local StartPosition = nil

	local function Update(input)
		local Delta = input.Position - DragStart
		local pos =
			UDim2.new(
				StartPosition.X.Scale,
				StartPosition.X.Offset + Delta.X,
				StartPosition.Y.Scale,
				StartPosition.Y.Offset + Delta.Y
			)
		local Tween = TweenService:Create(object, TweenInfo.new(0.2), {Position = pos})
		Tween:Play()
	end

	topbarobject.InputBegan:Connect(
		function(input)
			if input.UserInputType == Enum.UserInputType.MouseButton1 or input.UserInputType == Enum.UserInputType.Touch then
				Dragging = true
				DragStart = input.Position
				StartPosition = object.Position

				input.Changed:Connect(
					function()
						if input.UserInputState == Enum.UserInputState.End then
							Dragging = false
						end
					end
				)
			end
		end
	)

	topbarobject.InputChanged:Connect(
		function(input)
			if
				input.UserInputType == Enum.UserInputType.MouseMovement or
				input.UserInputType == Enum.UserInputType.Touch
			then
				DragInput = input
			end
		end
	)

	UserInputService.InputChanged:Connect(
		function(input)
			if input == DragInput and Dragging then
				Update(input)
			end
		end
	)
end

local library = {}

function library:AddWindow(text,keybind)
	local bind = keybind or Enum.KeyCode.RightControl
	local ff = false
	local currenttab = ""

	local DoctorShiba = Instance.new("ScreenGui")
	DoctorShiba.Name = "SOMEXGUI"
	DoctorShiba.Parent = game.CoreGui
	DoctorShiba.ZIndexBehavior = Enum.ZIndexBehavior.Sibling

	local Main = Instance.new("Frame")
	Main.Name = "Main"
	Main.Parent = DoctorShiba
	Main.AnchorPoint = Vector2.new(0.5, 0.5)
	Main.BackgroundColor3 = Color3.fromRGB(15, 15, 15)
	Main.BackgroundTransparency = 0.100
	Main.BorderSizePixel = 0
	Main.ClipsDescendants = true
	Main.Position = UDim2.new(0.499526083, 0, 0.499241292, 0)
	Main.Size = UDim2.new(0, 600, 0, 350)

	local Top = Instance.new("Frame")
	Top.Name = "Top"
	Top.Parent = Main
	Top.BackgroundColor3 = Color3.fromRGB(255, 255, 255)
	Top.BackgroundTransparency = 1.000
	Top.BorderSizePixel = 0
	Top.Size = UDim2.new(0, 600, 0, 20)

	local Page = Instance.new("Frame")
	Page.Name = "Page"
	Page.Parent = Main
	Page.BackgroundColor3 = Color3.fromRGB(15, 15, 15)
	Page.BackgroundTransparency = 0.100
	Page.BorderSizePixel = 0
	Page.Size = UDim2.new(0, 125, 0, 350)

	local NameHub = Instance.new("TextLabel")
	NameHub.Name = "NameHub"
	NameHub.Parent = Page
	NameHub.BackgroundColor3 = Color3.fromRGB(255, 255, 255)
	NameHub.BackgroundTransparency = 1.000
	NameHub.Position = UDim2.new(0.113333493, 0, 0, 0)
	NameHub.Size = UDim2.new(0, 600, 0, 20)
	NameHub.Font = Enum.Font.Gotham
	NameHub.Text = text
	NameHub.TextColor3 = Color3.fromRGB(255, 0, 195)
	NameHub.TextSize = 11.000
	NameHub.TextXAlignment = Enum.TextXAlignment.Left

	local User = Instance.new("Frame")
	User.Name = "User"
	User.Parent = Page
	User.BackgroundColor3 = Color3.fromRGB(255, 255, 255)
	User.BackgroundTransparency = 1.000
	User.Position = UDim2.new(0, 0, 0.8, 30)
	User.Size = UDim2.new(0, 125, 0, 40)

	local UserText = Instance.new("TextLabel")
	UserText.Name = "UserText"
	UserText.Parent = User
	UserText.BackgroundColor3 = Color3.fromRGB(255, 2555, 255)
	UserText.BackgroundTransparency = 1.000
	UserText.Position = UDim2.new(0.354999989, 0, 0, 11)
	UserText.Size = UDim2.new(0, 80, 0, 20)
	UserText.Font = Enum.Font.Gotham
	UserText.Text = tostring(game.Players.LocalPlayer.Name) 
	UserText.TextScaled = true
	UserText.TextSize = 11.000
	UserText.TextWrapped = true
	UserText.TextXAlignment = Enum.TextXAlignment.Left

	local UITextSizeConstraint = Instance.new("UITextSizeConstraint")
	UITextSizeConstraint.Parent = UserText
	UITextSizeConstraint.MaxTextSize = 11

	local UserImage = Instance.new("ImageLabel")
	UserImage.Name = "UserImage"
	UserImage.Parent = User
	UserImage.BackgroundColor3 = Color3.fromRGB(225, 225, 225)
	UserImage.Position = UDim2.new(0, 10, 0, 9)
	UserImage.Size = UDim2.new(0, 25, 0, 25)
	UserImage.Image = "https://www.roblox.com/headshot-thumbnail/image?userId="..game.Players.LocalPlayer.UserId.."&width=420&height=420&format=png"

	local UserImageCorner = Instance.new("UICorner")
	UserImageCorner.CornerRadius = UDim.new(0, 100)
	UserImageCorner.Name = "UserImageCorner"
	UserImageCorner.Parent = UserImage

	local ScrollPage = Instance.new("ScrollingFrame")
	ScrollPage.Name = "ScrollPage"
	ScrollPage.Parent = Page
	ScrollPage.Active = true
	ScrollPage.BackgroundColor3 = Color3.fromRGB(255, 255, 255)
	ScrollPage.BackgroundTransparency = 1.000
	ScrollPage.BorderSizePixel = 0
	ScrollPage.Position = UDim2.new(0, 0, 0.086, 0)
	ScrollPage.Size = UDim2.new(0, 125, 0, 290)
	ScrollPage.CanvasSize = UDim2.new(0, 0, 0, 0)
	ScrollPage.ScrollBarThickness = 0
	local PageList = Instance.new("UIListLayout")
	PageList.Name = "PageList"
	PageList.Parent = ScrollPage
	PageList.SortOrder = Enum.SortOrder.LayoutOrder
	PageList.Padding = UDim.new(0, 7)

	local PagePadding = Instance.new("UIPadding")
	PagePadding.Name = "PagePadding"
	PagePadding.Parent = ScrollPage
	PagePadding.PaddingTop = UDim.new(0, 5)
	PagePadding.PaddingLeft = UDim.new(0, 28)

	local TabFolder = Instance.new("Folder")
	TabFolder.Name = "TabFolder"
	TabFolder.Parent = Main

	MakeDraggable(Top,Main)

	local uihide = false

	UserInputService.InputBegan:Connect(function(input)
		if input.KeyCode == bind then
			if uihide == false then
				uihide = true
				Main:TweenSize(UDim2.new(0, 0, 0, 0),"In","Quad",0.2,true)
			else
				uihide = false
				Main:TweenSize(UDim2.new(0, 600, 0, 350),"Out","Quad",0.2,true)
			end
		end
	end)

	local uitab = {}

	function uitab:Tab(text,image)
		local Image = image or 6023426915

		local PageButton = Instance.new("TextButton")
		PageButton.Name = "PageButton"
		PageButton.Parent = ScrollPage
		PageButton.BackgroundColor3 = Color3.fromRGB(255, 255, 255)
		PageButton.BackgroundTransparency = 1.000
		PageButton.BorderSizePixel = 0
		PageButton.Position = UDim2.new(0.224000007, 0, 0.029787235, 0)
		PageButton.Size = UDim2.new(0, 97, 0, 20)
		PageButton.AutoButtonColor = false
		PageButton.Font = Enum.Font.Gotham
		PageButton.Text = text
		PageButton.TextColor3 = Color3.fromRGB(225, 225, 225)
		PageButton.TextSize = 11.000
		PageButton.TextXAlignment = Enum.TextXAlignment.Left

		local MainTab = Instance.new("Frame")
		MainTab.Name = "MainTab"
		MainTab.Parent = TabFolder
		MainTab.BackgroundColor3 = Color3.fromRGB(15, 15, 15)
		MainTab.BorderSizePixel = 0
		MainTab.Position = UDim2.new(0.208333328, 0, 0, 0)
		MainTab.Size = UDim2.new(0, 475, 0, 350)
		MainTab.Visible = false

		local PageImage = Instance.new("ImageLabel")
		PageImage.Name = "PageImage"
		PageImage.Parent = PageButton
		PageImage.BackgroundColor3 = Color3.fromRGB(255, 255, 255)
		PageImage.BackgroundTransparency = 1.000
		PageImage.Position = UDim2.new(0, -20, 0, 3)
		PageImage.Size = UDim2.new(0, 15, 0, 15)
		PageImage.Image = "rbxassetid://"..tostring(Image)

		local ScrollTab = Instance.new("ScrollingFrame")
		ScrollTab.Name = "ScrollTab"
		ScrollTab.Parent = MainTab
		ScrollTab.BackgroundColor3 = Color3.fromRGB(255, 255, 255)
		ScrollTab.BackgroundTransparency = 1.000
		ScrollTab.BorderSizePixel = 0
		ScrollTab.Position = UDim2.new(0, 0, 0.057, 0)
		ScrollTab.Size = UDim2.new(0, 475, 0, 330)
		ScrollTab.CanvasSize = UDim2.new(0, 0, 0, 0)
		ScrollTab.ScrollBarThickness = 3

		local TabList = Instance.new("UIListLayout")
		TabList.Name = "TabList"
		TabList.Parent = ScrollTab
		TabList.SortOrder = Enum.SortOrder.LayoutOrder
		TabList.Padding = UDim.new(0, 5)

		local TabPadding = Instance.new("UIPadding")
		TabPadding.Name = "TabPadding"
		TabPadding.Parent = ScrollTab
		TabPadding.PaddingLeft = UDim.new(0, 10)
		TabPadding.PaddingTop = UDim.new(0, 10)

		PageButton.MouseButton1Click:Connect(function()
			currenttab = MainTab.Name
			for i,v in next, TabFolder:GetChildren() do 
				if v.Name == "MainTab" then
					v.Visible = false
				end
			end
			MainTab.Visible = true

			for i,v in next, ScrollPage:GetChildren() do 
				if v:IsA("TextButton") then
					TweenService:Create(
						v,
						TweenInfo.new(0.3,Enum.EasingStyle.Quad,Enum.EasingDirection.Out),
						{TextColor3 = Color3.fromRGB(225, 225, 225)}
					):Play()
				end
				TweenService:Create(
					PageButton,
					TweenInfo.new(0.3,Enum.EasingStyle.Quad,Enum.EasingDirection.Out),
					{TextColor3 = Color3.fromRGB(255, 0, 195)}
				):Play()
			end
		end)

		if ff == false then
			TweenService:Create(
				PageButton,
				TweenInfo.new(0.3,Enum.EasingStyle.Quad,Enum.EasingDirection.Out),
				{TextColor3 = Color3.fromRGB(255, 0, 195)}
			):Play()
			for i,v in next, TabFolder:GetChildren() do 
				if v.Name == "MainTab" then
					v.Visible = false
				end
				MainTab.Visible = true
			end
			ff = true
		end

		game:GetService("RunService").Stepped:Connect(function()
			pcall(function()
				ScrollPage.CanvasSize = UDim2.new(0,0,0,PageList.AbsoluteContentSize.Y + 10)
				ScrollTab.CanvasSize = UDim2.new(0,0,0,TabList.AbsoluteContentSize.Y + 30)
			end)
		end)

		local main = {}

		function main:Button(text,callback)
			local Button = Instance.new("TextButton")

			Button.Name = "Button"
			Button.Parent = ScrollTab
			Button.BackgroundColor3 = Color3.fromRGB(20, 20, 20)
			Button.BackgroundTransparency = 0.1
			Button.BorderSizePixel = 0
			Button.Size = UDim2.new(0, 455, 0, 30)
			Button.AutoButtonColor = false
			Button.Font = Enum.Font.Gotham
			Button.Text = text
			Button.TextColor3 = Color3.fromRGB(225, 225, 225)
			Button.TextSize = 11.000
			Button.TextWrapped = true

			local ButtonCorner = Instance.new("UICorner")
			ButtonCorner.Name = "ButtonCorner"
			ButtonCorner.CornerRadius = UDim.new(0, 5)
			ButtonCorner.Parent = Button

			Button.MouseEnter:Connect(function()
				TweenService:Create(
					Button,
					TweenInfo.new(0.4,Enum.EasingStyle.Quad,Enum.EasingDirection.Out),
					{TextColor3 = Color3.fromRGB(255, 0, 195)}
				):Play()
			end)

			Button.MouseLeave:Connect(function()
				TweenService:Create(
					Button,
					TweenInfo.new(0.4,Enum.EasingStyle.Quad,Enum.EasingDirection.Out),
					{TextColor3 = Color3.fromRGB(225, 225, 225)}
				):Play()
			end)

			Button.MouseButton1Click:Connect(function()
				callback()
				Button.TextSize = 0
				TweenService:Create(
					Button,
					TweenInfo.new(0.4,Enum.EasingStyle.Back,Enum.EasingDirection.Out),
					{TextSize = 11}
				):Play()
			end)
		end

		function main:Toggle(text,config,callback)
			local ToggleImage = Instance.new("Frame")

			local Toggle = Instance.new("TextButton")
			Toggle.Name = "Toggle"
			Toggle.Parent = ScrollTab
			Toggle.BackgroundColor3 = Color3.fromRGB(20, 20, 20)
			Toggle.BackgroundTransparency = 0.1
			Toggle.BorderSizePixel = 0
			Toggle.AutoButtonColor = false
			Toggle.Size = UDim2.new(0, 455, 0, 30)
			Toggle.Font = Enum.Font.SourceSans
			Toggle.Text = ""
			Toggle.TextColor3 = Color3.fromRGB(0, 0, 0)
			Toggle.TextSize = 14.000

			local ToggleCorner = Instance.new("UICorner")
			ToggleCorner.Name = "ToggleCorner"
			ToggleCorner.CornerRadius = UDim.new(0, 5)
			ToggleCorner.Parent = Toggle

			local ToggleLabel = Instance.new("TextLabel")
			ToggleLabel.Name = "ToggleLabel"
			ToggleLabel.Parent = Toggle
			ToggleLabel.BackgroundColor3 = Color3.fromRGB(255, 255, 255)
			ToggleLabel.BackgroundTransparency = 1.000
			ToggleLabel.Position = UDim2.new(0, 13, 0, 0)
			ToggleLabel.Size = UDim2.new(0, 410, 0, 30)
			ToggleLabel.Font = Enum.Font.Gotham
			ToggleLabel.Text = text
			ToggleLabel.TextColor3 = Color3.fromRGB(225, 225, 225)
			ToggleLabel.TextSize = 11.000
			ToggleLabel.TextXAlignment = Enum.TextXAlignment.Left

			ToggleImage.Name = "ToggleImage"
			ToggleImage.Parent = Toggle
			ToggleImage.BackgroundColor3 = Color3.fromRGB(20, 20, 20)
			ToggleImage.Position = UDim2.new(0, 425, 0, 5)
			ToggleImage.BorderSizePixel = 0
			ToggleImage.Size = UDim2.new(0, 20, 0, 20)
			local ToggleImageCorner = Instance.new("UICorner")
			ToggleImageCorner.Name = "ToggleImageCorner"
			ToggleImageCorner.CornerRadius = UDim.new(0, 5)
			ToggleImageCorner.Parent = ToggleImage

			local ToggleImage2 = Instance.new("Frame")
			ToggleImage2.Name = "ToggleImage2"
			ToggleImage2.Parent = ToggleImage
			ToggleImage2.AnchorPoint = Vector2.new(0.5, 0.5)
			ToggleImage2.BackgroundColor3 = Color3.fromRGB(255, 0, 195)
			ToggleImage2.Position = UDim2.new(0, 10, 0, 10)
			ToggleImage2.Visible = false

			local ToggleImage2Corner = Instance.new("UICorner")
			ToggleImage2Corner.Name = "ToggleImageCorner"
			ToggleImage2Corner.CornerRadius = UDim.new(0, 5)
			ToggleImage2Corner.Parent = ToggleImage2

			Toggle.MouseEnter:Connect(function()
				TweenService:Create(
					ToggleLabel,
					TweenInfo.new(0.4,Enum.EasingStyle.Quad,Enum.EasingDirection.Out),
					{TextColor3 = Color3.fromRGB(255, 0, 195)}
				):Play()
			end)

			Toggle.MouseLeave:Connect(function()
				TweenService:Create(
					ToggleLabel,
					TweenInfo.new(0.4,Enum.EasingStyle.Quad,Enum.EasingDirection.Out),
					{TextColor3 = Color3.fromRGB(225, 225, 225)}
				):Play()
			end)
			if config == nil then config = false end
			local toggled = config or false
			Toggle.MouseButton1Click:Connect(function()
				if toggled == false then
					toggled = true
					ToggleImage2.Visible = true
					ToggleImage2:TweenSize(UDim2.new(0, 21, 0, 21),"In","Quad",0.1,true)
				else
					toggled = false
					ToggleImage2:TweenSize(UDim2.new(0, 0, 0, 0),"In","Quad",0.1,true)
					wait(0.1)
					ToggleImage2.Visible = false
				end
				callback(toggled)
			end)

			if config == true then
				ToggleImage2.Visible = true
				ToggleImage2:TweenSize(UDim2.new(0, 21, 0, 21),"In","Quad",0.1,true)
				toggled = true
				callback(toggled)
			end
		end

		function main:Textbox(text,holder,disappear,callback)
			local Textboxx = Instance.new("Frame")
			local TextboxxCorner = Instance.new("UICorner")
			local TextboxTitle = Instance.new("TextLabel")
			local Textbox = Instance.new("TextBox")
			local TextboxCorner = Instance.new("UICorner")

			Textboxx.Name = "Textboxx"
			Textboxx.Parent = ScrollTab
			Textboxx.BackgroundColor3 = Color3.fromRGB(20, 20, 20)
			Textboxx.Size = UDim2.new(0, 455, 0, 30)

			TextboxxCorner.CornerRadius = UDim.new(0, 5)
			TextboxxCorner.Name = "TextboxxCorner"
			TextboxxCorner.Parent = Textboxx

			TextboxTitle.Name = "TextboxTitle"
			TextboxTitle.Parent = Textboxx
			TextboxTitle.BackgroundColor3 = Color3.fromRGB(255, 255, 255)
			TextboxTitle.BackgroundTransparency = 1.000
			TextboxTitle.Position = UDim2.new(0, 15, 0, 0)
			TextboxTitle.Size = UDim2.new(0, 300, 0, 30)
			TextboxTitle.Font = Enum.Font.Gotham
			TextboxTitle.Text = text
			TextboxTitle.TextColor3 = Color3.fromRGB(225, 225, 225)
			TextboxTitle.TextSize = 11.000
			TextboxTitle.TextXAlignment = Enum.TextXAlignment.Left

			Textbox.Name = "Textbox"
			Textbox.Parent = Textboxx
			Textbox.BackgroundColor3 = Color3.fromRGB(20, 20, 20)
			Textbox.Position = UDim2.new(0, 310, 0, 5)
			Textbox.Size = UDim2.new(0, 140, 0, 20)
			Textbox.Font = Enum.Font.Gotham
			Textbox.Text = holder
			Textbox.TextColor3 = Color3.fromRGB(225, 225, 225)
			Textbox.TextSize = 11.000

			Textbox.FocusLost:Connect(function()
				if #Textbox.Text > 0 then
					callback(Textbox.Text)
				end
				if disappear then
					Textbox.Text = ""
				else
					Textbox.Text = holder
				end
			end)

			TextboxCorner.Name = "TextboxCorner"
			TextboxCorner.CornerRadius = UDim.new(0, 5)
			TextboxCorner.Parent = Textbox
		end

		function main:Dropdown(text,table,callback)
			local Dropdown = Instance.new("Frame")
			local UICorner = Instance.new("UICorner")
			local DropButton = Instance.new("TextButton")
			local Droptitle = Instance.new("TextLabel")
			local DropScroll = Instance.new("ScrollingFrame")
			local DropdownList = Instance.new("UIListLayout")
			local DropdownPadding = Instance.new("UIPadding")
			local DropImage = Instance.new("ImageLabel")

			Dropdown.Name = "Dropdown"
			Dropdown.Parent = ScrollTab
			Dropdown.Active = true
			Dropdown.BackgroundColor3 = Color3.fromRGB(20, 20, 20)
			Dropdown.ClipsDescendants = true
			Dropdown.Size = UDim2.new(0, 455, 0, 30)

			UICorner.CornerRadius = UDim.new(0, 5)
			UICorner.Parent = Dropdown

			DropButton.Name = "DropButton"
			DropButton.Parent = Dropdown
			DropButton.BackgroundColor3 = Color3.fromRGB(255, 255, 255)
			DropButton.BackgroundTransparency = 1.000
			DropButton.Size = UDim2.new(0, 455, 0, 30)
			DropButton.Font = Enum.Font.SourceSans
			DropButton.Text = ""
			DropButton.TextColor3 = Color3.fromRGB(0, 0, 0)
			DropButton.TextSize = 14.000

			Droptitle.Name = "Droptitle"
			Droptitle.Parent = Dropdown
			Droptitle.BackgroundColor3 = Color3.fromRGB(255, 255, 255)
			Droptitle.BackgroundTransparency = 1.000
			Droptitle.Position = UDim2.new(0.0281690136, 0, 0, 0)
			Droptitle.Size = UDim2.new(0, 410, 0, 30)
			Droptitle.Font = Enum.Font.Gotham
			Droptitle.Text = text.." : "
			Droptitle.TextColor3 = Color3.fromRGB(225, 225, 225)
			Droptitle.TextSize = 11.000
			Droptitle.TextXAlignment = Enum.TextXAlignment.Left

			DropImage.Name = "DropImage"
			DropImage.Parent = Dropdown
			DropImage.BackgroundColor3 = Color3.fromRGB(255, 255, 255)
			DropImage.BackgroundTransparency = 1.000
			DropImage.Position = UDim2.new(0, 425, 0, 5)
			DropImage.Rotation = 0
			DropImage.Size = UDim2.new(0, 20, 0, 20)
			DropImage.Image = "rbxassetid://5012539403"

			DropScroll.Name = "DropScroll"
			DropScroll.Parent = Droptitle
			DropScroll.Active = true
			DropScroll.BackgroundColor3 = Color3.fromRGB(255, 255, 255)
			DropScroll.BackgroundTransparency = 1.000
			DropScroll.BorderSizePixel = 0
			DropScroll.Position = UDim2.new(-0.0317460336, 0, 1, 0)
			DropScroll.Size = UDim2.new(0, 455, 0, 70)
			DropScroll.CanvasSize = UDim2.new(0, 0, 0, 2)
			DropScroll.ScrollBarThickness = 2

			DropdownList.Name = "DropdownList"
			DropdownList.Parent = DropScroll
			DropdownList.SortOrder = Enum.SortOrder.LayoutOrder
			DropdownList.Padding = UDim.new(0, 5)

			DropdownPadding.Name = "DropdownPadding"
			DropdownPadding.Parent = DropScroll
			DropdownPadding.PaddingTop = UDim.new(0, 5)

			local isdropping = false

			for i,v in next,table do
				local DropButton2 = Instance.new("TextButton")

				DropButton2.Name = "DropButton2"
				DropButton2.Parent = DropScroll
				DropButton2.BackgroundColor3 = Color3.fromRGB(255, 255, 255)
				DropButton2.BackgroundTransparency = 1.000
				DropButton2.Size = UDim2.new(0, 455, 0, 30)
				DropButton2.AutoButtonColor = false
				DropButton2.Font = Enum.Font.Gotham
				DropButton2.TextColor3 = Color3.fromRGB(225, 225, 225)
				DropButton2.TextSize = 11.000
				DropButton2.Text = tostring(v)

				DropButton2.MouseEnter:Connect(function()
					TweenService:Create(
						DropButton2,
						TweenInfo.new(0.2, Enum.EasingStyle.Quad, Enum.EasingDirection.Out),
						{TextColor3 = Color3.fromRGB(255, 0, 195)}
					):Play()
				end)
				DropButton2.MouseLeave:Connect(function()
					TweenService:Create(
						DropButton2,
						TweenInfo.new(0.2, Enum.EasingStyle.Quad, Enum.EasingDirection.Out),
						{TextColor3 = Color3.fromRGB(225, 225, 225)}
					):Play()
				end)

				DropButton2.MouseButton1Click:Connect(function()
					TweenService:Create(
						Dropdown,
						TweenInfo.new(0.2, Enum.EasingStyle.Quad, Enum.EasingDirection.Out),
						{Size = UDim2.new(0, 455, 0, 30)}
					):Play()
					TweenService:Create(
						DropImage,
						TweenInfo.new(0.3, Enum.EasingStyle.Linear, Enum.EasingDirection.Out),
						{Rotation = 0}
					):Play()
					Droptitle.Text =  text.." : "..tostring(v)
					callback(v)
					isdropping = not isdropping
					DropScroll.CanvasSize = UDim2.new(0,0,0,DropdownList.AbsoluteContentSize.Y + 10)
				end)
			end

			DropButton.MouseButton1Click:Connect(function()
				if isdropping == false then
					isdropping = true
					TweenService:Create(
						Dropdown,
						TweenInfo.new(0.2, Enum.EasingStyle.Quad, Enum.EasingDirection.Out),
						{Size = UDim2.new(0, 455, 0, 100)}
					):Play()
					TweenService:Create(
						DropImage,
						TweenInfo.new(0.4, Enum.EasingStyle.Quad, Enum.EasingDirection.Out),
						{Rotation = -180}
					):Play()
					DropScroll.CanvasSize = UDim2.new(0,0,0,DropdownList.AbsoluteContentSize.Y + 10)
				else
					isdropping = false
					TweenService:Create(
						Dropdown,
						TweenInfo.new(0.2, Enum.EasingStyle.Quad, Enum.EasingDirection.Out),
						{Size = UDim2.new(0, 455, 0, 30)}
					):Play()
					TweenService:Create(
						DropImage,
						TweenInfo.new(0.4, Enum.EasingStyle.Quad, Enum.EasingDirection.Out),
						{Rotation = 0}
					):Play()
					DropScroll.CanvasSize = UDim2.new(0,0,0,DropdownList.AbsoluteContentSize.Y + 10)
				end
			end)
			DropScroll.CanvasSize = UDim2.new(0,0,0,DropdownList.AbsoluteContentSize.Y + 10)

			local drop = {}

			function drop:Clear()
				Droptitle.Text = tostring(text).." :"
				TweenService:Create(
					Dropdown,
					TweenInfo.new(0.2, Enum.EasingStyle.Quad, Enum.EasingDirection.Out),
					{Size = UDim2.new(0, 455, 0, 30)} 
				):Play()
				isdropping = false
				for i, v in next, DropScroll:GetChildren() do
					if v:IsA("TextButton") then
						v:Destroy()
					end
				end
			end
			function drop:Add(t)
				local DropButton2 = Instance.new("TextButton")

				DropButton2.Name = "DropButton2"
				DropButton2.Parent = DropScroll
				DropButton2.BackgroundColor3 = Color3.fromRGB(255, 255, 255)
				DropButton2.BackgroundTransparency = 1.000
				DropButton2.Size = UDim2.new(0, 455, 0, 30)
				DropButton2.AutoButtonColor = false
				DropButton2.Font = Enum.Font.Gotham
				DropButton2.TextColor3 = Color3.fromRGB(225, 225, 225)
				DropButton2.TextSize = 11.000
				DropButton2.Text = tostring(t)

				DropButton2.MouseButton1Click:Connect(function()
					TweenService:Create(
						Dropdown,
						TweenInfo.new(0.2, Enum.EasingStyle.Quad, Enum.EasingDirection.Out),
						{Size = UDim2.new(0, 455, 0, 30)}
					):Play()
					TweenService:Create(
						DropImage,
						TweenInfo.new(0.3, Enum.EasingStyle.Linear, Enum.EasingDirection.Out),
						{Rotation = 0}
					):Play()
					Droptitle.Text =  text.." : "..tostring(t)
					callback(t)
					isdropping = not isdropping
					DropScroll.CanvasSize = UDim2.new(0,0,0,DropdownList.AbsoluteContentSize.Y + 10)
				end)
			end
			return drop
		end

		function main:Slider(text,min,max,set,callback)
			set = (math.clamp(set,min,max))
			if set > max then set = max end

			local Slider = Instance.new("Frame")
			local UICorner = Instance.new("UICorner")
			local SliderTitle = Instance.new("TextLabel")
			local SliderValue = Instance.new("TextLabel")
			local SliderButton = Instance.new("TextButton")
			local Bar1 = Instance.new("Frame")
			local Bar = Instance.new("Frame")
			local UICorner_2 = Instance.new("UICorner")
			local CircleBar = Instance.new("Frame")
			local UICorner_3 = Instance.new("UICorner")
			local UICorner_4 = Instance.new("UICorner")

			Slider.Name = "Slider"
			Slider.Parent = ScrollTab
			Slider.BackgroundColor3 = Color3.fromRGB(20, 20, 20)
			Slider.Size = UDim2.new(0, 455, 0, 40)

			UICorner.CornerRadius = UDim.new(0, 5)
			UICorner.Parent = Slider

			SliderTitle.Name = "SliderTitle"
			SliderTitle.Parent = Slider
			SliderTitle.BackgroundColor3 = Color3.fromRGB(255, 255, 255)
			SliderTitle.BackgroundTransparency = 1.000
			SliderTitle.Position = UDim2.new(0.0283286124, 0, 0, 0)
			SliderTitle.Size = UDim2.new(0, 290, 0, 20)
			SliderTitle.Font = Enum.Font.Gotham
			SliderTitle.Text = text
			SliderTitle.TextColor3 = Color3.fromRGB(225, 225, 225)
			SliderTitle.TextSize = 11.000
			SliderTitle.TextXAlignment = Enum.TextXAlignment.Left

			SliderValue.Name = "SliderValue"
			SliderValue.Parent = Slider
			SliderValue.BackgroundColor3 = Color3.fromRGB(255, 255, 255)
			SliderValue.BackgroundTransparency = 1.000
			SliderValue.Position = UDim2.new(0.887778878, 0, 0, 0)
			SliderValue.Size = UDim2.new(0, 40, 0, 20)
			SliderValue.Font = Enum.Font.Gotham
			SliderValue.Text =  tostring(set and math.floor( (set / max) * (max - min) + min) or 0)
			SliderValue.TextColor3 = Color3.fromRGB(225, 225, 225)
			SliderValue.TextSize = 11.000

			SliderButton.Name = "SliderButton"
			SliderButton.Parent = Slider
			SliderButton.BackgroundColor3 = Color3.fromRGB(255, 255, 255)
			SliderButton.BackgroundTransparency = 1.000
			SliderButton.Position = UDim2.new(0, 10, 0, 25)
			SliderButton.Size = UDim2.new(0, 435, 0, 5)
			SliderButton.AutoButtonColor = false
			SliderButton.Font = Enum.Font.SourceSans
			SliderButton.Text = ""
			SliderButton.TextColor3 = Color3.fromRGB(0, 0, 0)
			SliderButton.TextSize = 14.000

			Bar1.Name = "Bar1"
			Bar1.Parent = SliderButton
			Bar1.BackgroundColor3 = Color3.fromRGB(20, 20, 20)
			Bar1.Size = UDim2.new(0, 435, 0, 5)

			Bar.Name = "Bar"
			Bar.Parent = Bar1
			Bar.BackgroundColor3 = Color3.fromRGB(255, 0, 195)
			Bar.Size = UDim2.new(set/max, 0, 0, 5)

			UICorner_2.CornerRadius = UDim.new(0, 100)
			UICorner_2.Parent = Bar

			CircleBar.Name = "CircleBar"
			CircleBar.Parent = Bar
			CircleBar.BackgroundColor3 = Color3.fromRGB(255, 255, 255)
			CircleBar.Position = UDim2.new(1, -2, 0, -2)
			CircleBar.AnchorPoint = Vector2.new(0, 0.1)
			CircleBar.Size = UDim2.new(0, 10, 0, 10)

			UICorner_3.CornerRadius = UDim.new(0, 100)
			UICorner_3.Parent = CircleBar

			UICorner_4.CornerRadius = UDim.new(0, 100)
			UICorner_4.Parent = Bar1

			local mouse = game.Players.LocalPlayer:GetMouse()
			local uis = game:GetService("UserInputService")

			if Value == nil then
				Value = set
				pcall(function()
					callback(Value)
				end)
			end

			SliderButton.MouseButton1Down:Connect(function()
				Value = math.floor((((tonumber(max) - tonumber(min)) / 435) * Bar.AbsoluteSize.X) + tonumber(min)) or 0
				pcall(function()
					callback(Value)
				end)
				Bar.Size = UDim2.new(0, math.clamp(mouse.X - Bar.AbsolutePosition.X, 0, 435), 0, 5)
				CircleBar.Position = UDim2.new(0, math.clamp(mouse.X - Bar.AbsolutePosition.X - 2, 0, 425), 0, -2)
				moveconnection = mouse.Move:Connect(function()
					SliderValue.Text = Value
					Value = math.floor((((tonumber(max) - tonumber(min)) / 435) * Bar.AbsoluteSize.X) + tonumber(min))
					pcall(function()
						callback(Value)
					end)
					Bar.Size = UDim2.new(0, math.clamp(mouse.X - Bar.AbsolutePosition.X, 0, 435), 0, 5)
					CircleBar.Position = UDim2.new(0, math.clamp(mouse.X - Bar.AbsolutePosition.X - 2, 0, 425), 0, -2)
				end)
				releaseconnection = uis.InputEnded:Connect(function(Mouse)
					if Mouse.UserInputType == Enum.UserInputType.MouseButton1 then
						Value = math.floor((((tonumber(max) - tonumber(min)) / 435) * Bar.AbsoluteSize.X) + tonumber(min))
						pcall(function()
							callback(Value)
						end)
						Bar.Size = UDim2.new(0, math.clamp(mouse.X - Bar.AbsolutePosition.X, 0, 435), 0, 5)
						CircleBar.Position = UDim2.new(0, math.clamp(mouse.X - Bar.AbsolutePosition.X - 2, 0, 425), 0, -2)
						moveconnection:Disconnect()
						releaseconnection:Disconnect()
					end
				end)
			end)
			releaseconnection = uis.InputEnded:Connect(function(Mouse)
				if Mouse.UserInputType == Enum.UserInputType.MouseButton1 then
					Value = math.floor((((tonumber(max) - tonumber(min)) / 435) * Bar.AbsoluteSize.X) + tonumber(min))
					SliderValue.Text = Value
				end
			end)
		end
		function main:Seperator(text)
			local Seperator = Instance.new("Frame")
			local Sep1 = Instance.new("Frame")
			local SepLabel = Instance.new("TextLabel")
			local Sep2 = Instance.new("Frame")

			Seperator.Name = "Seperator"
			Seperator.Parent = ScrollTab
			Seperator.BackgroundColor3 = Color3.fromRGB(255, 255, 255)
			Seperator.BackgroundTransparency = 1.000
			Seperator.ClipsDescendants = true
			Seperator.Size = UDim2.new(0, 455, 0, 20)

			Sep1.Name = "Sep1"
			Sep1.Parent = Seperator
			Sep1.BackgroundColor3 = Color3.fromRGB(255, 0, 195)
			Sep1.BorderSizePixel = 0
			Sep1.Position = UDim2.new(0, 0, 0, 10)
			Sep1.Size = UDim2.new(0, 150, 0, 1)

			SepLabel.Name = "SepLabel"
			SepLabel.Parent = Seperator
			SepLabel.BackgroundColor3 = Color3.fromRGB(255, 255, 255)
			SepLabel.BackgroundTransparency = 1.000
			SepLabel.Position = UDim2.new(0, 95, 0, 0)
			SepLabel.Size = UDim2.new(0, 255, 0, 20)
			SepLabel.Font = Enum.Font.Gotham
			SepLabel.Text = text
			SepLabel.TextColor3 = Color3.fromRGB(225,225,225)
			SepLabel.TextSize = 11.000

			Sep2.Name = "Sep2"
			Sep2.Parent = Seperator
			Sep2.BackgroundColor3 = Color3.fromRGB(255, 0, 195)
			Sep2.BorderSizePixel = 0
			Sep2.Position = UDim2.new(0, 305, 0, 10)
			Sep2.Size = UDim2.new(0, 150, 0, 1)
		end
		function main:Line()
			local Line = Instance.new("Frame")
			local Linee = Instance.new("Frame")

			Line.Name = "Line"
			Line.Parent = ScrollTab
			Line.BackgroundColor3 = Color3.fromRGB(255, 255, 255)
			Line.BackgroundTransparency = 1.000
			Line.ClipsDescendants = true
			Line.Size = UDim2.new(0, 455, 0, 20)

			Linee.Name = "Linee"
			Linee.Parent = Line
			Linee.BackgroundColor3 = Color3.fromRGB(255, 0, 195)
			Linee.BorderSizePixel = 0
			Linee.Position = UDim2.new(0, 0, 0, 10)
			Linee.Size = UDim2.new(0, 455, 0, 1)
		end
		function main:Label(text)
			local Label = Instance.new("TextLabel")
			local PaddingLabel = Instance.new("UIPadding")
			local labell = {}

			Label.Name = "Label"
			Label.Parent = ScrollTab
			Label.BackgroundColor3 = Color3.fromRGB(255, 255, 255)
			Label.BackgroundTransparency = 1.000
			Label.Size = UDim2.new(0, 455, 0, 20)
			Label.Font = Enum.Font.Gotham
			Label.TextColor3 = Color3.fromRGB(225, 225, 225)
			Label.TextSize = 11.000
			Label.Text = text
			Label.TextXAlignment = Enum.TextXAlignment.Left

			PaddingLabel.PaddingLeft = UDim.new(0,10)
			PaddingLabel.Parent = Label
			PaddingLabel.Name = "PaddingLabel"

			function labell:Set(newtext)
				Label.Text = newtext
			end

			return labell
		end

		return main
	end
	return uitab
end

if game.PlaceId == 2753915549 then
	World1 = true
elseif game.PlaceId == 4442272183 then
	World2 = true
elseif game.PlaceId == 7449423635 then
	World3 = true
end

function CheckQuest() 
	local MyLevel = game.Players.LocalPlayer.Data.Level.Value
	if World1 then
		if MyLevel == 1 or MyLevel <= 9 or _G.Select_Mob_Farm == "Bandit [Lv. 5]" then -- Bandit
			Ms = "Bandit [Lv. 5]"
			NameQuest = "BanditQuest1"
			LevelQuest = 1
			NameMon = "Bandit"
			CFrameQuest = CFrame.new(1061.66699, 16.5166187, 1544.52905, -0.942978859, -3.33851502e-09, 0.332852632, 7.04340497e-09, 1, 2.99841325e-08, -0.332852632, 3.06188177e-08, -0.942978859)
			CFrameMon = CFrame.new(1199.31287, 52.2717781, 1536.91516, -0.929782331, 6.60215846e-08, -0.368109822, 3.9077392e-08, 1, 8.06501603e-08, 0.368109822, 6.06023249e-08, -0.929782331)
			SPAWNPOINT = "Default"
		elseif MyLevel == 10 or MyLevel <= 14 or _G.Select_Mob_Farm == "Monkey [Lv. 14]" then -- Monkey
			Ms = "Monkey [Lv. 14]"
			NameQuest = "JungleQuest"
			LevelQuest = 1
			NameMon = "Monkey"
			CFrameQuest = CFrame.new(-1604.12012, 36.8521118, 154.23732, 0.0648873374, -4.70858913e-06, -0.997892559, 1.41431883e-07, 1, -4.70933674e-06, 0.997892559, 1.64442184e-07, 0.0648873374)
			CFrameMon = CFrame.new(-1502.74609, 98.5633316, 90.6417007, 0.836947978, 0, 0.547282517, -0, 1, -0, -0.547282517, 0, 0.836947978)
			SPAWNPOINT = "Jungle"
		elseif MyLevel == 15 or MyLevel <= 29 or _G.Select_Mob_Farm == "Gorilla [Lv. 20]" then -- Gorilla
			Ms = "Gorilla [Lv. 20]"
			NameQuest = "JungleQuest"
			LevelQuest = 2
			NameMon = "Gorilla"
			CFrameQuest = CFrame.new(-1604.12012, 36.8521118, 154.23732, 0.0648873374, -4.70858913e-06, -0.997892559, 1.41431883e-07, 1, -4.70933674e-06, 0.997892559, 1.64442184e-07, 0.0648873374)
			CFrameMon = CFrame.new(-1223.52808, 6.27936459, -502.292664, 0.310949147, -5.66602516e-08, 0.950426519, -3.37275488e-08, 1, 7.06501808e-08, -0.950426519, -5.40241736e-08, 0.310949147)
			SPAWNPOINT = "Jungle"
		elseif MyLevel == 30 or MyLevel <= 39 or _G.Select_Mob_Farm == "Pirate [Lv. 35]" then -- Pirate
			Ms = "Pirate [Lv. 35]"
			NameQuest = "BuggyQuest1"
			LevelQuest = 1
			NameMon = "Pirate"
			CFrameQuest = CFrame.new(-1139.59717, 4.75205183, 3825.16211, -0.959730506, -7.5857054e-09, 0.280922383, -4.06310328e-08, 1, -1.11807175e-07, -0.280922383, -1.18718916e-07, -0.959730506)
			CFrameMon = CFrame.new(-1219.32324, 4.75205183, 3915.63452, -0.966492832, -6.91238853e-08, 0.25669381, -5.21195496e-08, 1, 7.3047012e-08, -0.25669381, 5.72206496e-08, -0.966492832)
			SPAWNPOINT = "Pirate"
		elseif MyLevel == 40 or MyLevel <= 59 or _G.Select_Mob_Farm == "Brute [Lv. 45]" then -- Brute
			Ms = "Brute [Lv. 45]"
			NameQuest = "BuggyQuest1"
			LevelQuest = 2
			NameMon = "Brute"
			CFrameQuest = CFrame.new(-1139.59717, 4.75205183, 3825.16211, -0.959730506, -7.5857054e-09, 0.280922383, -4.06310328e-08, 1, -1.11807175e-07, -0.280922383, -1.18718916e-07, -0.959730506)
			CFrameMon = CFrame.new(-1146.49646, 96.0936813, 4312.1333, -0.978175163, -1.53222057e-08, 0.207781896, -3.33316912e-08, 1, -8.31738873e-08, -0.207781896, -8.82843523e-08, -0.978175163)
			SPAWNPOINT = "Pirate"
		elseif MyLevel == 60 or MyLevel <= 74 or _G.Select_Mob_Farm == "Desert Bandit [Lv. 60]" then -- Desert Bandit
			Ms = "Desert Bandit [Lv. 60]"
			NameQuest = "DesertQuest"
			LevelQuest = 1
			NameMon = "Desert Bandit"
			CFrameQuest = CFrame.new(897.031128, 6.43846416, 4388.97168, -0.804044724, 3.68233266e-08, 0.594568789, 6.97835176e-08, 1, 3.24365246e-08, -0.594568789, 6.75715199e-08, -0.804044724)
			CFrameMon = CFrame.new(932.788818, 6.4503746, 4488.24609, -0.998625934, 3.08948351e-08, 0.0524050146, 2.79967303e-08, 1, -5.60361286e-08, -0.0524050146, -5.44919629e-08, -0.998625934)
			SPAWNPOINT = "Desert"
		elseif MyLevel == 75 or MyLevel <= 89 or _G.Select_Mob_Farm == "Desert Officer [Lv. 70]" then -- Desert Officre
			Ms = "Desert Officer [Lv. 70]"
			NameQuest = "DesertQuest"
			LevelQuest = 2
			NameMon = "Desert Officer"
			CFrameQuest = CFrame.new(897.031128, 6.43846416, 4388.97168, -0.804044724, 3.68233266e-08, 0.594568789, 6.97835176e-08, 1, 3.24365246e-08, -0.594568789, 6.75715199e-08, -0.804044724)
			CFrameMon = CFrame.new(1580.03198, 4.61375761, 4366.86426, 0.135744005, -6.44280718e-08, -0.990743816, 4.35738308e-08, 1, -5.90598574e-08, 0.990743816, -3.51534837e-08, 0.135744005)
			SPAWNPOINT = "Desert"
		elseif MyLevel == 90 or MyLevel <= 99 or _G.Select_Mob_Farm == "Snow Bandit [Lv. 90]" then -- Snow Bandits
			Ms = "Snow Bandit [Lv. 90]"
			NameQuest = "SnowQuest"
			LevelQuest = 1
			NameMon = "Snow Bandits"
			CFrameQuest = CFrame.new(1384.14001, 87.272789, -1297.06482, 0.348555952, -2.53947841e-09, -0.937287986, 1.49860568e-08, 1, 2.86358204e-09, 0.937287986, -1.50443711e-08, 0.348555952)
			CFrameMon = CFrame.new(1370.24316, 102.403511, -1411.52905, 0.980274439, -1.12995728e-08, 0.197641045, -9.57343449e-09, 1, 1.04655214e-07, -0.197641045, -1.04482936e-07, 0.980274439)
			SPAWNPOINT = "Ice"
		elseif MyLevel == 100 or MyLevel <= 119 or _G.Select_Mob_Farm == "Snowman [Lv. 100]"  then -- Snowman
			Ms = "Snowman [Lv. 100]"
			NameQuest = "SnowQuest"
			LevelQuest = 2
			NameMon = "Snowman"
			CFrameQuest = CFrame.new(1384.14001, 87.272789, -1297.06482, 0.348555952, -2.53947841e-09, -0.937287986, 1.49860568e-08, 1, 2.86358204e-09, 0.937287986, -1.50443711e-08, 0.348555952)
			CFrameMon = CFrame.new(1370.24316, 102.403511, -1411.52905, 0.980274439, -1.12995728e-08, 0.197641045, -9.57343449e-09, 1, 1.04655214e-07, -0.197641045, -1.04482936e-07, 0.980274439)
			SPAWNPOINT = "Ice"
		elseif MyLevel == 120 or MyLevel <= 149 or _G.Select_Mob_Farm == "Chief Petty Officer [Lv. 120]" then -- Chief Petty Officer
			Ms = "Chief Petty Officer [Lv. 120]"
			NameQuest = "MarineQuest2"
			LevelQuest = 1
			NameMon = "Chief Petty Officer"
			CFrameQuest = CFrame.new(-5035.0835, 28.6520386, 4325.29443, 0.0243340395, -7.08064647e-08, 0.999703884, -6.36926814e-08, 1, 7.23777944e-08, -0.999703884, -6.54350671e-08, 0.0243340395)
			CFrameMon = CFrame.new(-4882.8623, 22.6520386, 4255.53516, 0.273695946, -5.40380647e-08, -0.96181643, 4.37720793e-08, 1, -4.37274998e-08, 0.96181643, -3.01326679e-08, 0.273695946)
			SPAWNPOINT = "MarineBase"
		elseif MyLevel == 150 or MyLevel <= 174 or _G.Select_Mob_Farm == "Sky Bandit [Lv. 150]" then -- Sky Bandit
			Ms = "Sky Bandit [Lv. 150]"
			NameQuest = "SkyQuest"
			LevelQuest = 1
			NameMon = "Sky Bandit"
			CFrameQuest = CFrame.new(-4841.83447, 717.669617, -2623.96436, -0.875942111, 5.59710216e-08, -0.482416272, 3.04023082e-08, 1, 6.08195947e-08, 0.482416272, 3.86078725e-08, -0.875942111)
			CFrameMon = CFrame.new(-4970.74219, 294.544342, -2890.11353, -0.994874597, -8.61311236e-08, -0.101116329, -9.10836206e-08, 1, 4.43614923e-08, 0.101116329, 5.33441664e-08, -0.994874597)
			SPAWNPOINT = "Sky"
		elseif MyLevel == 175 or MyLevel <= 189 or _G.Select_Mob_Farm == "Dark Master [Lv. 175]" then -- Dark Master
			Ms = "Dark Master [Lv. 175]"
			NameQuest = "SkyQuest"
			LevelQuest = 2
			NameMon = "Dark Master"
			CFrameQuest = CFrame.new(-4841.83447, 717.669617, -2623.96436, -0.875942111, 5.59710216e-08, -0.482416272, 3.04023082e-08, 1, 6.08195947e-08, 0.482416272, 3.86078725e-08, -0.875942111)
			CFrameMon = CFrame.new(-5220.58594, 430.693298, -2278.17456, -0.925375521, 1.12086873e-08, 0.379051805, -1.05115507e-08, 1, -5.52320891e-08, -0.379051805, -5.50948407e-08, -0.925375521)
			SPAWNPOINT = "Sky"
		elseif MyLevel == 190 or MyLevel <= 209 or _G.Select_Mob_Farm == "Prisoner [Lv. 190]" then
			Ms = "Prisoner [Lv. 190]"
			NameQuest = "PrisonerQuest"
			LevelQuest = 1
			NameMon = "Prisoner"
			CFrameQuest = CFrame.new(5308.93115, 1.65517521, 475.120514, -0.0894274712, -5.00292918e-09, -0.995993316, 1.60817859e-09, 1, -5.16744869e-09, 0.995993316, -2.06384709e-09, -0.0894274712)
			CFrameMon = CFrame.new(5433.39307, 88.678093, 514.986877, 0.879988372, 0, -0.474995494, 0, 1, 0, 0.474995494, 0, 0.879988372)
			SPAWNPOINT = "Prison"
