_G.Config = false
_G.Settings = {

	Main = {
		["Auto Farm Level"] = false,
		["Auto Farm Quest"] = false,
		["Auto Farm Fast"] = false,
		["Auto Farm Mob Arua"] = false,

		--[World 1]
		["Auto New World"] = false,
		["Auto Saber"] = false,
		["Auto Pole"] = false,
		["Auto Buy Ablility"] = false,
		--[World 2]
		["Auto Third Sea"] = false,

		["Auto Dark Coat"] = false,
		["Auto Dark Coat Hop"] = false,

		["Auto Rengoku"] = false,
		["Auto Rengoku Hop"] = false,

		["Auto Dragon Trident"] = false,
		["Auto Dragon Trident Hop"] = false,

		["Auto Swan Glasses"] = false,
		["Auto Swan Glasses Hop"] = false,

		["Auto True Triple Katana"] = false,
		["Auto Ectoplasm"] = false,
		["Auto Evo Race V2"] = false,
		["Auto Bartilo Quest"] = false,
		["Auto Buy Legendary Sword"] = false,
		["Auto Buy Enchanment Haki"] = false,
		["Teleport to Sea Beast"] = false,


		-- [World3]

		["Auto Rainbow Haki"] = false,
		["Auto Rainbow Haki Hop"] = false,

		["Auto Musketeer Hat"] = false,
		["Auto Musketeer Hat Hop"] = false,

		["Auto Ken-Haki V2"] = false,

		["Auto Serpent Bow"] = false,
		["Auto Serpent Bow Hop"] = false,

		["Auto Elite Hunter"] = false,
		["Auto Elite Hunter Hop"] = false,

		["Auto Farm Bone"] = false,
		["Auto Random Bone"] = false,

		["Auto Cake Prince"] = false,
		["Auto Spawn Cake Prince"] = true,

		["Auto Buddy Sword"] = false,
		["Auto Buddy Sword Hop"] = false,

		["Auto Twin Hook"] = false,
		["Auto Twin Hook Hop"] = false,

		["Auto Farm Boss Hallow"] = false,
		["Auto Farm Boss Hallow Hop"] = false,

		["Auto Dark Dagger"] = false,
		["Auto Dark Dagger Hop"] = false,

		["Auto Cavander"] = false,
		["Auto Cavander Hop"] = false,

		["Auto Yama "] = false,
		["Auto Tushita"] = false,
		["Auto Cursed Dual Katana"] = false,

		["Auto Superhuman"] = false,
		["Auto Death Step"] = false,
		["Auto SharkMan Karate"] = false,
		["Auto Electric Claw"] = false,
		["Auto Dragon Talon"] = false,

		["Auto Fully SharkMan Karate"] = false,
		["Auto Fully DeathStep"] = false,
	},

	Players = {
		["Spectate Player"] = false, 
		["Teleport to Player"] = false,
		["Enabled PvP"] = false,
	},

	Stats = {
		["Auto Stats Melee"] = false,
		["Auto Stats Defense"] = false,
		["Auto Stats Sword"] = false,
		["Auto Stats Gun"] = false,
		["Auto Stats Devil Fruit"] = false,
	},

	Dungeon = {
		["Auto Buy Chip Dungeon"] = false,
		["Auto Dungeon"] = false,
		["Auto Next Island"] = false,
		["Kill Aura"] = false,
		["Auto Awake"] = false,
	},

	LawDungeon = {
		["Auto Buy Law Chip"] = false,
		["Auto Start Law Dungeon"] = false,
		["Auto Kill Law"] = false,
	},

	Fruit = {
		["Auto Buy Devil Fruit"] = false,
		["Auto Random Fruit"] = false,
		["Auto Bring Fruit"] = false,
		["Auto Store Fruit"] = false,
	},

	Esp = {
		["Esp Player"] = false,
		["Esp Island"] = false,
		["Esp Fruit"] = false,
		["Esp Flower"] = false,
		["Esp Chest"] = false,
	},

	Misc = {
		["No clip"] = false,
		["Infinit Energy"] = false,
		["Infinit CameraMaxZoom"] = false,
		["Walk on Water"] = false,
	},

	Boss = {
		["Auto Quest Boss"] = false,
		["Auto Farm Boss"] = false,
		["Auto Farm All Boss"] = true,
	},

	Mastery = {
		["Auto Farm Fruit Mastery"] = false,
		["Auto Farm Gun Mastery"] = false,
	},

	Configs = {
		["Disabled Damage Text"] = false,
		["Double Quest"] = false,
		["Bypass TP"] = false,
		["Disabled Damage"] = false,

		["Fast Attack"] = true,
		["Bring Mob"] = true,
		["Auto Rejoin"] = true,

		--[Skill Configs]
		["Skill Z"] = true,
		["Skill X"] = true,
		["Skill C"] = true,
		["Skill V"] = true,
	},
}

if _G.Config then
	if _G.Settings.Main["Auto Farm Level"] then
		_G.Auto_Farm_Level = true
	end
	if _G.Settings.Main["Auto Farm Quest"] then
		_G.Auto_Farm_Quest = true
	end
	if _G.Settings.Main["Auto Farm Fast"] then
		_G.Auto_Farm_Fast = true
	end
	if _G.Settings.Main["Auto Farm Mob Aura"] then
		_G.Auto_Farm_Mob_Aura = true
	end

	-- [World1] --

	if _G.Settings.Main["Auto New World"] then
		_G.Auto_New_World = true
	end

	-- [Other Function]

	if _G.Settings.Main["Auto Saber"] then
		_G.Auto_Saber = true
	end

	if _G.Settings.Main["Auto Pole"] then
		_G.Auto_Pole = true
	end

	if _G.Settings.Main["Auto Buy Ablility"] then
		_G.Auto_Buy_Ablility = true
	end

	-- [World2] --

	if _G.Settings.Main["Auto Third World"] then
		_G.Auto_Third_World = true
	end

	if _G.Settings.Main["Auto Rengoku"] then
		_G.Auto_Rengoku = true
	end

	if _G.Settings.Main["Auto Rengoku Hop"] then
		_G.Auto_Rengoku_Hop = true
	end

	if _G.Settings.Main["Auto Dragon Trident"] then
		_G.Auto_Dragon_Trident = true
	end

	if _G.Settings.Main["Auto Dragon Trident Hop"] then
		_G.Auto_Dragon_Trident_Hop = true
	end

	if _G.Settings.Main["Auto Dark Coat"] then
		_G.Auto_Dark_Coat = true
	end

	if _G.Settings.Main["Auto Dark Coat Hop"] then
		_G.Auto_Dark_Coat_Hop = true
	end

	if _G.Settings.Main["Auto Swan Glasses"] then
		_G.Auto_Swan_Glasses = true
	end

	if _G.Settings.Main["Auto Swan Glasses Hop"] then
		_G.Auto_Swan_Glasses_Hop = true
	end

	-- [Other Function] -- World2

	if _G.Settings.Main["Auto Bartilo Quest"] then
		_G.Auto_Bartilo_Quest = true
	end

	if _G.Settings.Main["Auto Ectoplasm"] then
		_G.Auto_Ectoplasm = true
	end

	if _G.Settings.Main["Auto Evo Race V2"] then
		_G.Auto_Evo_Race_V2 = true
	end

	if _G.Settings.Main["Auto True Triple Katana"] then
		_G.Auto_True_Triple_Katana = true
	end

	if _G.Settings.Main["Auto Buy Legendary Sword"] then
		_G.Auto_Buy_Legendary_Sword = true
	end

	if _G.Settings.Main["Auto Buy Enchanment Haki"] then
		_G.Auto_Buy_Enchanment_Haki = true
	end

	-- [World3] -- index Function

	if _G.Settings.Main["Auto Elite Hunter"] then
		_G.Auto_Elite_Hunter = true
	end

	if _G.Settings.Main["Auto Elite Hunter Hop"] then
		_G.Auto_Elite_Hunter_Hop = true
	end

	if _G.Settings.Main["Auto Farm Bone"] then
		_G.Auto_Farm_Bone = true
	end

	if _G.Settings.Main["Auto Random Bone"] then
		_G.Auto_Random_Bone = true
	end

	if _G.Settings.Main["Auto Cake Prince"] then
		_G.Auto_Cake_Prince = true
	end

	if _G.Settings.Main["Auto Spawn Cake Prince"] then
		_G.Auto_Spawn_Cake_Prince = true
	end

	-- [Sworld] -- World3

	if _G.Settings.Main["Auto Buddy Sword"] then
		_G.Auto_Buddy_Sword = true
	end

	if _G.Settings.Main["Auto Buddy Sword Hop"] then
		_G.Auto_Buddy_Sword_Hop = true
	end

	if _G.Settings.Main["Auto Farm Boss Hallow"] then
		_G.Auto_Farm_Boss_Hallow = true
	end

	if _G.Settings.Main["Auto Farm Boss Hallow Hop"] then
		_G.Auto_Farm_Boss_Hallow_Hop = true
	end

	if _G.Settings.Main["Auto Twin Hook"] then
		_G.Auto_Twin_Hook = true
	end

	if _G.Settings.Main["Auto Twin Hook Hop"] then
		_G.Auto_Twin_Hook_Hop = true
	end

	if _G.Settings.Main["Auto Cavander"] then
		_G.Auto_Cavander = true
	end

	if _G.Settings.Main["Auto Cavander Hop"] then
		_G.Auto_Cavander_Hop = true
	end

	if _G.Settings.Main["Auto Yama"] then
		_G.Auto_Yama = true
	end

	if _G.Settings.Main["Auto Tushita"] then
		_G.Auto_Tushita = true
	end

	if _G.Settings.Sword["Auto Cursed Dual Katana"] then
		_G.Auto_Cursed_Dual_Katana = true
	end

	if _G.Settings.Main["Auto Serpent Bow"] then
		_G.Auto_Serpent_Bow = true
	end

	if _G.Settings.Main["Auto Serpent Bow Hop"] then
		_G.Auto_Serpent_Bow_Hop = true
	end

	if _G.Settings.Main["Auto Dark Dagger"] then
		_G.Auto_Dark_Dagger = true
	end

	if _G.Settings.Main["Auto Dark Dagger Hop"] then
		_G.Auto_Dark_Dagger_Hop = true
	end

	if _G.Settings.Main["Auto Rainbow Haki"] then
		_G.Auto_Rainbow_Haki = true
	end

	if _G.Settings.Main["Auto Rainbow Haki Hop"] then
		_G.Auto_Rainbow_Haki_Hop = true
	end

	if _G.Settings.Main["Auto Musketeer Hat"] then
		_G.Auto_Musketeer_Hat = true
	end

	if _G.Settings.Main["Auto Musketeer Hat Hop"] then
		_G.Auto_Musketeer_Hat_Hop = true
	end

	if _G.Settings.Main["Auto Musketeer Hat Hop"] then
		_G.Auto_Musketeer_Hat_Hop = true
	end

	if _G.Settings.Main["Auto Ken-Haki V2"] then
		_G.Auto_Ken_Haki_V2 = true
	end

	-- [Boss] --

	if _G.Settings.Boss["Auto Farm Boss"] then
		_G.Auto_Farm_Boss = true
	end

	if _G.Settings.Boss["Auto Quest Boss"] then
		_G.Auto_Quest_Boss = true
	end

	if _G.Settings.Boss["Auto Farm All Boss"] then
		_G.Auto_Farm_All_Boss = true
	end

	-- [Mastery] --

	if _G.Settings.Mastery["Auto Farm Fruit Mastery"] then
		_G.Auto_Farm_BF_Mastery = true
	end

	if _G.Settings.Mastery["Auto Farm Gun Mastery"] then
		_G.Auto_Farm_Gun_Mastery = true
	end
	-- [Fighting Style] --

	if _G.Settings.Main["Auto Superhuman"] then
		_G.AutoSuperhuman = true
	end

	if _G.Settings.Main["Auto Death Step"] then
		_G.AutoDeathStep = true
	end

	if _G.Settings.Main["Auto SharkMan Karate"] then
		_G.AutoSuperhuman = true
	end

	-- [Fully Fighting Style] --

	if _G.Settings.Main["Auto Fully SharkMan Karate"] then
		_G.Auto_Fully_SharkMan_Karate = true
	end

	if _G.Settings.Main["Auto Fully DeathStep"] then
		_G.Auto_Fully_DeathStep = true
	end

	-- [Fighting Style] --

	if _G.Settings.Main["Auto Electric Claw"] then
		_G.Auto_Electric_Claw = true
	end

	if _G.Settings.Main["Auto Dragon Talon"] then
		_G.Auto_Dragon_Talon = true
	end

	-- [set up function] -- 

	if _G.Settings.Configs["Disabled Damage Text"] then
		_G.Disabled_Damage_Text = true
	end

	if _G.Settings.Configs["Fast Attack"] then
		_G.FastAttack = true
	end

	if _G.Settings.Configs["Bring Mob"] then
		_G.Bring_Mob = true
	end

	if _G.Settings.Configs["Disabled Damage"] then
		_G.DisnableDame = true
	end

	if _G.Settings.Configs["Auto Rejoin"] then
		_G.AutoRejoin = true
	end

	if _G.Settings.Configs["Skill Z"] then
		_G.Skill_Z = true
	end

	if _G.Settings.Configs["Skill X"] then
		_G.Skill_X = true
	end

	if _G.Settings.Configs["Skill C"] then
		_G.Skill_C = true
	end

	if _G.Settings.Configs["Skill V"] then
		_G.Skill_V = true
	end
	------------------------------------------------------------------
	-- [Players] -- 

	if _G.Settings.Players["Spectate Player"] then
		_G.Spectate_Player = true
	end

	if _G.Settings.Players["Teleport to Player"] then
		_G.Teleport_to_Player = true
	end

	if _G.Settings.Players["Enabled PvP"] then
		_G.Enabled_PvP = true
	end

	-- [Stats] -- 
	if _G.Settings.Players["Auto Stats Melee"] then
		_G.Auto_Stats_Melee = true
	end

	if _G.Settings.Players["Auto Stats Defense"] then
		_G.Auto_Stats_Defense = true
	end

	if _G.Settings.Players["Auto Stats Sword"] then
		_G.Auto_Stats_Sword = true
	end

	if _G.Settings.Players["Auto Stats Gun"] then
		_G.Auto_Stats_Gun = true
	end

	if _G.Settings.Players["Auto Stats Devil Fruit"] then
		_G.Auto_Stats_Devil_Fruit = true
	end

	------------------------------------------------------------------

	-- [Dungeon] -- 

	if _G.Settings.Dungeon["Auto Buy Chip Dungeon"] then
		_G.Auto_Buy_Chip_Dungeon = true
	end

	if _G.Settings.Dungeon["Auto Dungeon"] then
		_G.Auto_Start_Dungeon = true
	end

	if _G.Settings.Dungeon["Auto Next Island"] then
		_G.Auto_Next_Island = true
	end

	if _G.Settings.Dungeon["Kill Aura"] then
		_G.Kill_Aura = true
	end

	if _G.Settings.Dungeon["Auto Awake"] then
		_G.Auto_Awake = true
	end

	------------------------------------------------------------------

	-- [Law Dungeon] --

	if _G.Settings.LawDungeon["Auto Buy Law Chip"] then
		_G.Auto_Buy_Law_Chip = true
	end

	if _G.Settings.LawDungeon["Auto Start Law Dungeon"] then
		_G.Auto_Start_Law_Dungeon = true
	end

	if _G.Settings.LawDungeon["Auto Kill Law"] then
		_G.Auto_Kill_Law = true
	end
	------------------------------------------------------------------

	-- [Esp] --

	if _G.Settings.LawDungeon["Esp Player"] then
		_G.EspPlayer = true
	end

	if _G.Settings.LawDungeon["Esp Island"] then
		_G.EspIsland = true
	end

	if _G.Settings.LawDungeon["Esp Fruit"] then
		_G.EspFruit = true
	end

	if _G.Settings.LawDungeon["Esp Flower"] then
		_G.EspFlower = true
	end

	if _G.Settings.LawDungeon["Esp Chest"] then
		_G.EspChest = true
	end

	------------------------------------------------------------------

	-- [Misc] --

	if _G.Settings.LawDungeon["No clip"] then
		_G.No_clip = true
	end

	if _G.Settings.LawDungeon["Infinit Energy"] then
		_G.Infinit_Energy = true
	end

	if _G.Settings.LawDungeon["Infinit CameraMaxZoom"] then
		_G.CameraMaxZoom = true
	end

	if _G.Settings.LawDungeon["Walk on Water"] then
		_G.WalkWater = true
	end

end

if _G.Config then
	if _G.Settings.Main["Auto Farm Level"] then
		_G.Auto_Farm_Level = true
	end
	if _G.Settings.Main["Auto Farm Quest"] then
		_G.Auto_Farm_Quest = true
	end
	if _G.Settings.Main["Auto Farm Fast"] then
		_G.Auto_Farm_Fast = true
	end
	if _G.Settings.Main["Auto Farm Mob Aura"] then
		_G.Auto_Farm_Mob_Aura = true
	end

	-- [World1] --

	if _G.Settings.Main["Auto New World"] then
		_G.Auto_New_World = true
	end

	-- [Other Function]

	if _G.Settings.Main["Auto Saber"] then
		_G.Auto_Saber = true
	end

	if _G.Settings.Main["Auto Pole"] then
		_G.Auto_Pole = true
	end

	if _G.Settings.Main["Auto Buy Ablility"] then
		_G.Auto_Buy_Ablility = true
	end

	-- [World2] --

	if _G.Settings.Main["Auto Third World"] then
		_G.Auto_Third_World = true
	end

	if _G.Settings.Main["Auto Rengoku"] then
		_G.Auto_Rengoku = true
	end

	if _G.Settings.Main["Auto Rengoku Hop"] then
		_G.Auto_Rengoku_Hop = true
	end

	if _G.Settings.Main["Auto Dragon Trident"] then
		_G.Auto_Dragon_Trident = true
	end

	if _G.Settings.Main["Auto Dragon Trident Hop"] then
		_G.Auto_Dragon_Trident_Hop = true
	end

	if _G.Settings.Main["Auto Dark Coat"] then
		_G.Auto_Dark_Coat = true
	end

	if _G.Settings.Main["Auto Dark Coat Hop"] then
		_G.Auto_Dark_Coat_Hop = true
	end

	if _G.Settings.Main["Auto Swan Glasses"] then
		_G.Auto_Swan_Glasses = true
	end

	if _G.Settings.Main["Auto Swan Glasses Hop"] then
		_G.Auto_Swan_Glasses_Hop = true
	end

	-- [Other Function] -- World2

	if _G.Settings.Main["Auto Bartilo Quest"] then
		_G.Auto_Bartilo_Quest = true
	end

	if _G.Settings.Main["Auto Ectoplasm"] then
		_G.Auto_Ectoplasm = true
	end

	if _G.Settings.Main["Auto Evo Race V2"] then
		_G.Auto_Evo_Race_V2 = true
	end

	if _G.Settings.Main["Auto True Triple Katana"] then
		_G.Auto_True_Triple_Katana = true
	end

	if _G.Settings.Main["Auto Buy Legendary Sword"] then
		_G.Auto_Buy_Legendary_Sword = true
	end

	if _G.Settings.Main["Auto Buy Enchanment Haki"] then
		_G.Auto_Buy_Enchanment_Haki = true
	end

	if _G.Settings.Main["Teleport to Sea Beast"] then
		_G.Teleport_to_Sea_Beast = true
	end

	-- [World3] -- index Function

	if _G.Settings.Main["Auto Elite Hunter"] then
		_G.Auto_Elite_Hunter = true
	end

	if _G.Settings.Main["Auto Elite Hunter Hop"] then
		_G.Auto_Elite_Hunter_Hop = true
	end

	if _G.Settings.Main["Auto Farm Bone"] then
		_G.Auto_Farm_Bone = true
	end

	if _G.Settings.Main["Auto Random Bone"] then
		_G.Auto_Random_Bone = true
	end

	if _G.Settings.Main["Auto Cake Prince"] then
		_G.Auto_Cake_Prince = true
	end

	if _G.Settings.Main["Auto Spawn Cake Prince"] then
		_G.Auto_Spawn_Cake_Prince = true
	end

	-- [Sworld] -- World3

	if _G.Settings.Main["Auto Buddy Sword"] then
		_G.Auto_Buddy_Sword = true
	end

	if _G.Settings.Main["Auto Buddy Sword Hop"] then
		_G.Auto_Buddy_Sword_Hop = true
	end

	if _G.Settings.Main["Auto Farm Boss Hallow"] then
		_G.Auto_Farm_Boss_Hallow = true
	end

	if _G.Settings.Main["Auto Farm Boss Hallow Hop"] then
		_G.Auto_Farm_Boss_Hallow_Hop = true
	end

	if _G.Settings.Main["Auto Twin Hook"] then
		_G.Auto_Twin_Hook = true
	end

	if _G.Settings.Main["Auto Twin Hook Hop"] then
		_G.Auto_Twin_Hook_Hop = true
	end

	if _G.Settings.Main["Auto Cavander"] then
		_G.Auto_Cavander = true
	end

	if _G.Settings.Main["Auto Cavander Hop"] then
		_G.Auto_Cavander_Hop = true
	end

	if _G.Settings.Main["Auto Yama"] then
		_G.Auto_Yama = true
	end

	if _G.Settings.Main["Auto Tushita"] then
		_G.Auto_Tushita = true
	end

	if _G.Settings.Sword["Auto Cursed Dual Katana"] then
		_G.Auto_Cursed_Dual_Katana = true
	end

	if _G.Settings.Main["Auto Serpent Bow"] then
		_G.Auto_Serpent_Bow = true
	end

	if _G.Settings.Main["Auto Serpent Bow Hop"] then
		_G.Auto_Serpent_Bow_Hop = true
	end

	if _G.Settings.Main["Auto Dark Dagger"] then
		_G.Auto_Dark_Dagger = true
	end

	if _G.Settings.Main["Auto Dark Dagger Hop"] then
		_G.Auto_Dark_Dagger_Hop = true
	end

	if _G.Settings.Main["Auto Rainbow Haki"] then
		_G.Auto_Rainbow_Haki = true
	end

	if _G.Settings.Main["Auto Rainbow Haki Hop"] then
		_G.Auto_Rainbow_Haki_Hop = true
	end

	if _G.Settings.Main["Auto Musketeer Hat"] then
		_G.Auto_Musketeer_Hat = true
	end

	if _G.Settings.Main["Auto Musketeer Hat Hop"] then
		_G.Auto_Musketeer_Hat_Hop = true
	end

	if _G.Settings.Main["Auto Musketeer Hat Hop"] then
		_G.Auto_Musketeer_Hat_Hop = true
	end

	if _G.Settings.Main["Auto Ken-Haki V2"] then
		_G.Auto_Ken_Haki_V2 = true
	end

	-- [Boss] --

	if _G.Settings.Boss["Auto Farm Boss"] then
		_G.Auto_Farm_Boss = true
	end

	if _G.Settings.Boss["Auto Quest Boss"] then
		_G.Auto_Quest_Boss = true
	end

	if _G.Settings.Boss["Auto Farm All Boss"] then
		_G.Auto_Farm_All_Boss = true
	end

	-- [Mastery] --

	if _G.Settings.Mastery["Auto Farm Fruit Mastery"] then
		_G.Auto_Farm_BF_Mastery = true
	end

	if _G.Settings.Mastery["Auto Farm Gun Mastery"] then
		_G.Auto_Farm_Gun_Mastery = true
	end
	-- [Fighting Style] --

	if _G.Settings.Main["Auto Superhuman"] then
		_G.AutoSuperhuman = true
	end

	if _G.Settings.Main["Auto Death Step"] then
		_G.AutoDeathStep = true
	end

	if _G.Settings.Main["Auto SharkMan Karate"] then
		_G.AutoSuperhuman = true
	end

	-- [Fully Fighting Style] --

	if _G.Settings.Main["Auto Fully SharkMan Karate"] then
		_G.Auto_Fully_SharkMan_Karate = true
	end

	if _G.Settings.Main["Auto Fully DeathStep"] then
		_G.Auto_Fully_DeathStep = true
	end

	-- [Fighting Style] --

	if _G.Settings.Main["Auto Electric Claw"] then
		_G.Auto_Electric_Claw = true
	end

	if _G.Settings.Main["Auto Dragon Talon"] then
		_G.Auto_Dragon_Talon = true
	end

	-- [set up function] -- 

	if _G.Settings.Configs["Disabled Damage Text"] then
		_G.Disabled_Damage_Text = true
	end

	if _G.Settings.Configs["Fast Attack"] then
		_G.FastAttack = true
	end

	if _G.Settings.Configs["Bring Mob"] then
		_G.Bring_Mob = true
	end

	if _G.Settings.Configs["Disabled Damage"] then
		_G.DisnableDame = true
	end

	if _G.Settings.Configs["Auto Rejoin"] then
		_G.AutoRejoin = true
	end

	if _G.Settings.Configs["Skill Z"] then
		_G.Skill_Z = true
	end

	if _G.Settings.Configs["Skill X"] then
		_G.Skill_X = true
	end

	if _G.Settings.Configs["Skill C"] then
		_G.Skill_C = true
	end

	if _G.Settings.Configs["Skill V"] then
		_G.Skill_V = true
	end
	------------------------------------------------------------------
	-- [Players] -- 

	if _G.Settings.Players["Spectate Player"] then
		_G.Spectate_Player = true
	end

	if _G.Settings.Players["Teleport to Player"] then
		_G.Teleport_to_Player = true
	end

	if _G.Settings.Players["Enabled PvP"] then
		_G.Enabled_PvP = true
	end

	-- [Stats] -- 
	if _G.Settings.Players["Auto Stats Melee"] then
		_G.Auto_Stats_Melee = true
	end

	if _G.Settings.Players["Auto Stats Defense"] then
		_G.Auto_Stats_Defense = true
	end

	if _G.Settings.Players["Auto Stats Sword"] then
		_G.Auto_Stats_Sword = true
	end

	if _G.Settings.Players["Auto Stats Gun"] then
		_G.Auto_Stats_Gun = true
	end

	if _G.Settings.Players["Auto Stats Devil Fruit"] then
		_G.Auto_Stats_Devil_Fruit = true
	end

	------------------------------------------------------------------

	-- [Dungeon] -- 

	if _G.Settings.Dungeon["Auto Buy Chip Dungeon"] then
		_G.Auto_Buy_Chip_Dungeon = true
	end

	if _G.Settings.Dungeon["Auto Dungeon"] then
		_G.Auto_Start_Dungeon = true
	end

	if _G.Settings.Dungeon["Auto Next Island"] then
		_G.Auto_Next_Island = true
	end

	if _G.Settings.Dungeon["Kill Aura"] then
		_G.Kill_Aura = true
	end

	if _G.Settings.Dungeon["Auto Awake"] then
		_G.Auto_Awake = true
	end

	------------------------------------------------------------------

	-- [Law Dungeon] --

	if _G.Settings.LawDungeon["Auto Buy Law Chip"] then
		_G.Auto_Buy_Law_Chip = true
	end

	if _G.Settings.LawDungeon["Auto Start Law Dungeon"] then
		_G.Auto_Start_Law_Dungeon = true
	end

	if _G.Settings.LawDungeon["Auto Kill Law"] then
		_G.Auto_Kill_Law = true
	end
	------------------------------------------------------------------

	-- [Esp] --

	if _G.Settings.LawDungeon["Esp Player"] then
		_G.EspPlayer = true
	end

	if _G.Settings.LawDungeon["Esp Island"] then
		_G.EspIsland = true
	end

	if _G.Settings.LawDungeon["Esp Fruit"] then
		_G.EspFruit = true
	end

	if _G.Settings.LawDungeon["Esp Flower"] then
		_G.EspFlower = true
	end

	if _G.Settings.LawDungeon["Esp Chest"] then
		_G.EspChest = true
	end

	------------------------------------------------------------------

	-- [Misc] --

	if _G.Settings.LawDungeon["No clip"] then
		_G.No_clip = true
	end

	if _G.Settings.LawDungeon["Infinit Energy"] then
		_G.Infinit_Energy = true
	end

	if _G.Settings.LawDungeon["Infinit CameraMaxZoom"] then
		_G.CameraMaxZoom = true
	end

	if _G.Settings.LawDungeon["Walk on Water"] then
		_G.WalkWater = true
	end

end

if game.PlaceId == 2753915549 then
	World1 = true
elseif game.PlaceId == 4442272183 then
	World2 = true
elseif game.PlaceId == 7449423635 then
	World3 = true
end


function CheckQuest() 
	local MyLevel = game.Players.LocalPlayer.Data.Level.Value
	if World1 then
		if MyLevel == 1 or MyLevel <= 9 or _G.Select_Mob_Farm == "Bandit [Lv. 5]" then -- Bandit
			Ms = "Bandit [Lv. 5]"
			NameQuest = "BanditQuest1"
			LevelQuest = 1
			NameMon = "Bandit"
			CFrameQuest = CFrame.new(1061.66699, 16.5166187, 1544.52905, -0.942978859, -3.33851502e-09, 0.332852632, 7.04340497e-09, 1, 2.99841325e-08, -0.332852632, 3.06188177e-08, -0.942978859)
			CFrameMon = CFrame.new(1199.31287, 52.2717781, 1536.91516, -0.929782331, 6.60215846e-08, -0.368109822, 3.9077392e-08, 1, 8.06501603e-08, 0.368109822, 6.06023249e-08, -0.929782331)
			SPAWNPOINT = "Default"
		elseif MyLevel == 10 or MyLevel <= 14 or _G.Select_Mob_Farm == "Monkey [Lv. 14]" then -- Monkey
			Ms = "Monkey [Lv. 14]"
			NameQuest = "JungleQuest"
			LevelQuest = 1
			NameMon = "Monkey"
			CFrameQuest = CFrame.new(-1604.12012, 36.8521118, 154.23732, 0.0648873374, -4.70858913e-06, -0.997892559, 1.41431883e-07, 1, -4.70933674e-06, 0.997892559, 1.64442184e-07, 0.0648873374)
			CFrameMon = CFrame.new(-1502.74609, 98.5633316, 90.6417007, 0.836947978, 0, 0.547282517, -0, 1, -0, -0.547282517, 0, 0.836947978)
			SPAWNPOINT = "Jungle"
		elseif MyLevel == 15 or MyLevel <= 29 or _G.Select_Mob_Farm == "Gorilla [Lv. 20]" then -- Gorilla
			Ms = "Gorilla [Lv. 20]"
			NameQuest = "JungleQuest"
			LevelQuest = 2
			NameMon = "Gorilla"
			CFrameQuest = CFrame.new(-1604.12012, 36.8521118, 154.23732, 0.0648873374, -4.70858913e-06, -0.997892559, 1.41431883e-07, 1, -4.70933674e-06, 0.997892559, 1.64442184e-07, 0.0648873374)
			CFrameMon = CFrame.new(-1223.52808, 6.27936459, -502.292664, 0.310949147, -5.66602516e-08, 0.950426519, -3.37275488e-08, 1, 7.06501808e-08, -0.950426519, -5.40241736e-08, 0.310949147)
			SPAWNPOINT = "Jungle"
		elseif MyLevel == 30 or MyLevel <= 39 or _G.Select_Mob_Farm == "Pirate [Lv. 35]" then -- Pirate
			Ms = "Pirate [Lv. 35]"
			NameQuest = "BuggyQuest1"
			LevelQuest = 1
			NameMon = "Pirate"
			CFrameQuest = CFrame.new(-1139.59717, 4.75205183, 3825.16211, -0.959730506, -7.5857054e-09, 0.280922383, -4.06310328e-08, 1, -1.11807175e-07, -0.280922383, -1.18718916e-07, -0.959730506)
			CFrameMon = CFrame.new(-1219.32324, 4.75205183, 3915.63452, -0.966492832, -6.91238853e-08, 0.25669381, -5.21195496e-08, 1, 7.3047012e-08, -0.25669381, 5.72206496e-08, -0.966492832)
			SPAWNPOINT = "Pirate"
		elseif MyLevel == 40 or MyLevel <= 59 or _G.Select_Mob_Farm == "Brute [Lv. 45]" then -- Brute
			Ms = "Brute [Lv. 45]"
			NameQuest = "BuggyQuest1"
			LevelQuest = 2
			NameMon = "Brute"
			CFrameQuest = CFrame.new(-1139.59717, 4.75205183, 3825.16211, -0.959730506, -7.5857054e-09, 0.280922383, -4.06310328e-08, 1, -1.11807175e-07, -0.280922383, -1.18718916e-07, -0.959730506)
			CFrameMon = CFrame.new(-1146.49646, 96.0936813, 4312.1333, -0.978175163, -1.53222057e-08, 0.207781896, -3.33316912e-08, 1, -8.31738873e-08, -0.207781896, -8.82843523e-08, -0.978175163)
			SPAWNPOINT = "Pirate"
		elseif MyLevel == 60 or MyLevel <= 74 or _G.Select_Mob_Farm == "Desert Bandit [Lv. 60]" then -- Desert Bandit
			Ms = "Desert Bandit [Lv. 60]"
			NameQuest = "DesertQuest"
			LevelQuest = 1
			NameMon = "Desert Bandit"
			CFrameQuest = CFrame.new(897.031128, 6.43846416, 4388.97168, -0.804044724, 3.68233266e-08, 0.594568789, 6.97835176e-08, 1, 3.24365246e-08, -0.594568789, 6.75715199e-08, -0.804044724)
			CFrameMon = CFrame.new(932.788818, 6.4503746, 4488.24609, -0.998625934, 3.08948351e-08, 0.0524050146, 2.79967303e-08, 1, -5.60361286e-08, -0.0524050146, -5.44919629e-08, -0.998625934)
			SPAWNPOINT = "Desert"
		elseif MyLevel == 75 or MyLevel <= 89 or _G.Select_Mob_Farm == "Desert Officer [Lv. 70]" then -- Desert Officre
			Ms = "Desert Officer [Lv. 70]"
			NameQuest = "DesertQuest"
			LevelQuest = 2
			NameMon = "Desert Officer"
			CFrameQuest = CFrame.new(897.031128, 6.43846416, 4388.97168, -0.804044724, 3.68233266e-08, 0.594568789, 6.97835176e-08, 1, 3.24365246e-08, -0.594568789, 6.75715199e-08, -0.804044724)
			CFrameMon = CFrame.new(1580.03198, 4.61375761, 4366.86426, 0.135744005, -6.44280718e-08, -0.990743816, 4.35738308e-08, 1, -5.90598574e-08, 0.990743816, -3.51534837e-08, 0.135744005)
			SPAWNPOINT = "Desert"
		elseif MyLevel == 90 or MyLevel <= 99 or _G.Select_Mob_Farm == "Snow Bandit [Lv. 90]" then -- Snow Bandits
			Ms = "Snow Bandit [Lv. 90]"
			NameQuest = "SnowQuest"
			LevelQuest = 1
			NameMon = "Snow Bandits"
			CFrameQuest = CFrame.new(1384.14001, 87.272789, -1297.06482, 0.348555952, -2.53947841e-09, -0.937287986, 1.49860568e-08, 1, 2.86358204e-09, 0.937287986, -1.50443711e-08, 0.348555952)
			CFrameMon = CFrame.new(1370.24316, 102.403511, -1411.52905, 0.980274439, -1.12995728e-08, 0.197641045, -9.57343449e-09, 1, 1.04655214e-07, -0.197641045, -1.04482936e-07, 0.980274439)
			SPAWNPOINT = "Ice"
		elseif MyLevel == 100 or MyLevel <= 119 or _G.Select_Mob_Farm == "Snowman [Lv. 100]"  then -- Snowman
			Ms = "Snowman [Lv. 100]"
			NameQuest = "SnowQuest"
			LevelQuest = 2
			NameMon = "Snowman"
			CFrameQuest = CFrame.new(1384.14001, 87.272789, -1297.06482, 0.348555952, -2.53947841e-09, -0.937287986, 1.49860568e-08, 1, 2.86358204e-09, 0.937287986, -1.50443711e-08, 0.348555952)
			CFrameMon = CFrame.new(1370.24316, 102.403511, -1411.52905, 0.980274439, -1.12995728e-08, 0.197641045, -9.57343449e-09, 1, 1.04655214e-07, -0.197641045, -1.04482936e-07, 0.980274439)
			SPAWNPOINT = "Ice"
		elseif MyLevel == 120 or MyLevel <= 149 or _G.Select_Mob_Farm == "Chief Petty Officer [Lv. 120]" then -- Chief Petty Officer
			Ms = "Chief Petty Officer [Lv. 120]"
			NameQuest = "MarineQuest2"
			LevelQuest = 1
			NameMon = "Chief Petty Officer"
			CFrameQuest = CFrame.new(-5035.0835, 28.6520386, 4325.29443, 0.0243340395, -7.08064647e-08, 0.999703884, -6.36926814e-08, 1, 7.23777944e-08, -0.999703884, -6.54350671e-08, 0.0243340395)
			CFrameMon = CFrame.new(-4882.8623, 22.6520386, 4255.53516, 0.273695946, -5.40380647e-08, -0.96181643, 4.37720793e-08, 1, -4.37274998e-08, 0.96181643, -3.01326679e-08, 0.273695946)
			SPAWNPOINT = "MarineBase"
		elseif MyLevel == 150 or MyLevel <= 174 or _G.Select_Mob_Farm == "Sky Bandit [Lv. 150]" then -- Sky Bandit
			Ms = "Sky Bandit [Lv. 150]"
			NameQuest = "SkyQuest"
			LevelQuest = 1
			NameMon = "Sky Bandit"
			CFrameQuest = CFrame.new(-4841.83447, 717.669617, -2623.96436, -0.875942111, 5.59710216e-08, -0.482416272, 3.04023082e-08, 1, 6.08195947e-08, 0.482416272, 3.86078725e-08, -0.875942111)
			CFrameMon = CFrame.new(-4970.74219, 294.544342, -2890.11353, -0.994874597, -8.61311236e-08, -0.101116329, -9.10836206e-08, 1, 4.43614923e-08, 0.101116329, 5.33441664e-08, -0.994874597)
			SPAWNPOINT = "Sky"
		elseif MyLevel == 175 or MyLevel <= 189 or _G.Select_Mob_Farm == "Dark Master [Lv. 175]" then -- Dark Master
			Ms = "Dark Master [Lv. 175]"
			NameQuest = "SkyQuest"
			LevelQuest = 2
			NameMon = "Dark Master"
			CFrameQuest = CFrame.new(-4841.83447, 717.669617, -2623.96436, -0.875942111, 5.59710216e-08, -0.482416272, 3.04023082e-08, 1, 6.08195947e-08, 0.482416272, 3.86078725e-08, -0.875942111)
			CFrameMon = CFrame.new(-5220.58594, 430.693298, -2278.17456, -0.925375521, 1.12086873e-08, 0.379051805, -1.05115507e-08, 1, -5.52320891e-08, -0.379051805, -5.50948407e-08, -0.925375521)
			SPAWNPOINT = "Sky"
		elseif MyLevel == 190 or MyLevel <= 209 or _G.Select_Mob_Farm == "Prisoner [Lv. 190]" then
			Ms = "Prisoner [Lv. 190]"
			NameQuest = "PrisonerQuest"
			LevelQuest = 1
			NameMon = "Prisoner"
			CFrameQuest = CFrame.new(5308.93115, 1.65517521, 475.120514, -0.0894274712, -5.00292918e-09, -0.995993316, 1.60817859e-09, 1, -5.16744869e-09, 0.995993316, -2.06384709e-09, -0.0894274712)
			CFrameMon = CFrame.new(5433.39307, 88.678093, 514.986877, 0.879988372, 0, -0.474995494, 0, 1, 0, 0.474995494, 0, 0.879988372)
			SPAWNPOINT = "Prison"
		elseif MyLevel == 210 or MyLevel <= 249 or _G.Select_Mob_Farm == "Dangerous Prisoner [Lv. 210]" then
			Ms = "Dangerous Prisoner [Lv. 210]"
			NameQuest = "PrisonerQuest"
			LevelQuest = 2
			NameMon = "Dangerous Prisoner"
			CFrameQuest = CFrame.new(5308.93115, 1.65517521, 475.120514, -0.0894274712, -5.00292918e-09, -0.995993316, 1.60817859e-09, 1, -5.16744869e-09, 0.995993316, -2.06384709e-09, -0.0894274712)
			CFrameMon = CFrame.new(5433.39307, 88.678093, 514.986877, 0.879988372, 0, -0.474995494, 0, 1, 0, 0.474995494, 0, 0.879988372)
			SPAWNPOINT = "Prison"
		elseif MyLevel == 250 or MyLevel <= 274 or _G.Select_Mob_Farm == "Toga Warrior [Lv. 225]" then -- Toga Warrior
			Ms = "Toga Warrior [Lv. 250]"
			NameQuest = "ColosseumQuest"
			LevelQuest = 1
			NameMon = "Toga Warrior"
			CFrameQuest = CFrame.new(-1576.11743, 7.38933945, -2983.30762, 0.576966345, 1.22114863e-09, 0.816767931, -3.58496594e-10, 1, -1.24185606e-09, -0.816767931, 4.2370063e-10, 0.576966345)
			CFrameMon = CFrame.new(-1779.97583, 44.6077499, -2736.35474, 0.984437346, 4.10396339e-08, 0.175734788, -3.62286876e-08, 1, -3.05844168e-08, -0.175734788, 2.3741821e-08, 0.984437346)
			SPAWNPOINT = "Colosseum"
		elseif MyLevel == 275 or MyLevel <= 299 or _G.Select_Mob_Farm == "Gladiator [Lv. 275]" then -- Gladiato
			Ms = "Gladiator [Lv. 275]"
			NameQuest = "ColosseumQuest"
			LevelQuest = 2
			NameMon = "Gladiato"
			CFrameQuest = CFrame.new(-1576.11743, 7.38933945, -2983.30762, 0.576966345, 1.22114863e-09, 0.816767931, -3.58496594e-10, 1, -1.24185606e-09, -0.816767931, 4.2370063e-10, 0.576966345)
			CFrameMon = CFrame.new(-1274.75903, 58.1895943, -3188.16309, 0.464524001, 6.21005611e-08, 0.885560572, -4.80449414e-09, 1, -6.76054768e-08, -0.885560572, 2.71497012e-08, 0.464524001)
			SPAWNPOINT = "Colosseum"
		elseif MyLevel == 300 or MyLevel <= 324 or _G.Select_Mob_Farm == "Military Soldier [Lv. 300]" then -- Military Soldier
			Ms = "Military Soldier [Lv. 300]"
			NameQuest = "MagmaQuest"
			LevelQuest = 1
			NameMon = "Military Soldier"
			CFrameQuest = CFrame.new(-5316.55859, 12.2370615, 8517.2998, 0.588437557, -1.37880001e-08, -0.808542669, -2.10116209e-08, 1, -3.23446478e-08, 0.808542669, 3.60215964e-08, 0.588437557)
			CFrameMon = CFrame.new(-5363.01123, 41.5056877, 8548.47266, -0.578253984, -3.29503091e-10, 0.815856814, 9.11209668e-08, 1, 6.498761e-08, -0.815856814, 1.11920997e-07, -0.578253984)
			SPAWNPOINT = "Magma"
		elseif MyLevel == 325 or MyLevel <= 374 or _G.Select_Mob_Farm == "Military Spy [Lv. 330]" then -- Military Spy
			Ms = "Military Spy [Lv. 325]"
			NameQuest = "MagmaQuest"
			LevelQuest = 2
			NameMon = "Military Spy"
			CFrameQuest = CFrame.new(-5316.55859, 12.2370615, 8517.2998, 0.588437557, -1.37880001e-08, -0.808542669, -2.10116209e-08, 1, -3.23446478e-08, 0.808542669, 3.60215964e-08, 0.588437557)
			CFrameMon = CFrame.new(-5787.99023, 120.864456, 8762.25293, -0.188358366, -1.84706277e-08, 0.982100308, -1.23782129e-07, 1, -4.93306951e-09, -0.982100308, -1.22495649e-07, -0.188358366)
			SPAWNPOINT = "Magma"
		elseif MyLevel == 375 or MyLevel <= 399 or _G.Select_Mob_Farm == "Fishman Warrior [Lv. 375]" then -- Fishman Warrior
			Ms = "Fishman Warrior [Lv. 375]"
			NameQuest = "FishmanQuest"
			LevelQuest = 1
			NameMon = "Fishman Warrior"
			CFrameQuest = CFrame.new(61122.5625, 18.4716396, 1568.16504, 0.893533468, 3.95251609e-09, 0.448996574, -2.34327455e-08, 1, 3.78297464e-08, -0.448996574, -4.43233645e-08, 0.893533468)
			CFrameMon = CFrame.new(60946.6094, 48.6735229, 1525.91687, -0.0817126185, 8.90751153e-08, 0.996655822, 2.00889794e-08, 1, -8.77269599e-08, -0.996655822, 1.28533992e-08, -0.0817126185)
			SPAWNPOINT = "Fountain"
		elseif MyLevel == 400 or MyLevel <= 449 or _G.Select_Mob_Farm == "Fishman Commando [Lv. 400]" then -- Fishman Commando
			Ms = "Fishman Commando [Lv. 400]"
			NameQuest = "FishmanQuest"
			LevelQuest = 2
			NameMon = "Fishman Commando"
			CFrameQuest = CFrame.new(61122.5625, 18.4716396, 1568.16504, 0.893533468, 3.95251609e-09, 0.448996574, -2.34327455e-08, 1, 3.78297464e-08, -0.448996574, -4.43233645e-08, 0.893533468)
			CFrameMon = CFrame.new(61885.5039, 18.4828243, 1504.17896, 0.577502489, 0, -0.816389024, -0, 1.00000012, -0, 0.816389024, 0, 0.577502489)
			SPAWNPOINT = "Fountain"
		elseif MyLevel == 450 or MyLevel <= 474 or _G.Select_Mob_Farm == "God's Guard [Lv. 450]" then -- God's Guards
			Ms = "God's Guard [Lv. 450]"
			NameQuest = "SkyExp1Quest"
			LevelQuest = 1
			NameMon = "God's Guards"
			CFrameQuest = CFrame.new(-4721.71436, 845.277161, -1954.20105, -0.999277651, -5.56969759e-09, 0.0380011722, -4.14751478e-09, 1, 3.75035256e-08, -0.0380011722, 3.73188307e-08, -0.999277651)
			CFrameMon = CFrame.new(-4716.95703, 853.089722, -1933.92542, -0.93441087, -6.77488776e-09, -0.356197298, 1.12145182e-08, 1, -4.84390199e-08, 0.356197298, -4.92565206e-08, -0.93441087)
			SPAWNPOINT = "Sky"
		elseif MyLevel == 475 or MyLevel <= 524 or _G.Select_Mob_Farm == "Shanda [Lv. 475]" then -- Shandas
			sky = false
			Ms = "Shanda [Lv. 475]"
			NameQuest = "SkyExp1Quest"
			LevelQuest = 2
			NameMon = "Shandas"
			CFrameQuest = CFrame.new(-7863.63672, 5545.49316, -379.826324, 0.362120807, -1.98046344e-08, -0.93213129, 4.05822291e-08, 1, -5.48095125e-09, 0.93213129, -3.58431969e-08, 0.362120807)
			CFrameMon = CFrame.new(-7685.12354, 5601.05127, -443.171509, 0.150056243, 1.79768236e-08, -0.988677442, 6.67798661e-09, 1, 1.91962481e-08, 0.988677442, -9.48289181e-09, 0.150056243)
			SPAWNPOINT = "Sky"
		elseif MyLevel == 525 or MyLevel <= 549 or _G.Select_Mob_Farm == "Royal Squad [Lv. 525]" then -- Royal Squad
			sky = true
			Ms = "Royal Squad [Lv. 525]"
			NameQuest = "SkyExp2Quest"
			LevelQuest = 1
			NameMon = "Royal Squad"
			CFrameQuest = CFrame.new(-7902.66895, 5635.96387, -1411.71802, 0.0504222959, 2.5710392e-08, 0.998727977, 1.12541557e-07, 1, -3.14249675e-08, -0.998727977, 1.13982921e-07, 0.0504222959)
			CFrameMon = CFrame.new(-7685.02051, 5606.87842, -1442.729, 0.561947823, 7.69527464e-09, -0.827172697, -4.24974544e-09, 1, 6.41599973e-09, 0.827172697, -9.01838604e-11, 0.561947823)
			SPAWNPOINT = "Sky2"
		elseif MyLevel == 550 or MyLevel <= 624 or _G.Select_Mob_Farm == "Royal Soldier [Lv. 550]" then -- Royal Soldier
			Dis = 240
			sky = true
			Ms = "Royal Soldier [Lv. 550]"
			NameQuest = "SkyExp2Quest"
			LevelQuest = 2
			NameMon = "Royal Soldier"
			CFrameQuest = CFrame.new(-7902.66895, 5635.96387, -1411.71802, 0.0504222959, 2.5710392e-08, 0.998727977, 1.12541557e-07, 1, -3.14249675e-08, -0.998727977, 1.13982921e-07, 0.0504222959)
			CFrameMon = CFrame.new(-7864.44775, 5661.94092, -1708.22351, 0.998389959, 2.28686137e-09, -0.0567218624, 1.99431383e-09, 1, 7.54200258e-08, 0.0567218624, -7.54117195e-08, 0.998389959)
			SPAWNPOINT = "Sky2"
		elseif MyLevel == 625 or MyLevel <= 649 or _G.Select_Mob_Farm == "Galley Pirate [Lv. 625]" then -- Galley Pirate
			Dis = 240
			sky = false
			Ms = "Galley Pirate [Lv. 625]"
			NameQuest = "FountainQuest"
			LevelQuest = 1
			NameMon = "Galley Pirate"
			CFrameQuest = CFrame.new(5254.60156, 38.5011406, 4049.69678, -0.0504891425, -3.62066501e-08, -0.998724639, -9.87921389e-09, 1, -3.57534553e-08, 0.998724639, 8.06145284e-09, -0.0504891425)
			CFrameMon = CFrame.new(5595.06982, 41.5013695, 3961.47095, -0.992138803, -2.11610267e-08, -0.125142589, -1.34249509e-08, 1, -6.26613996e-08, 0.125142589, -6.04887518e-08, -0.992138803)
			SPAWNPOINT = "Fountain"
		elseif MyLevel >= 650 or _G.Select_Mob_Farm == "Galley Captain [Lv. 650]" then -- Galley Captain
			Dis = 240
			Ms = "Galley Captain [Lv. 650]"
			NameQuest = "FountainQuest"
			LevelQuest = 2
			NameMon = "Galley Captain"
			CFrameQuest = CFrame.new(5254.60156, 38.5011406, 4049.69678, -0.0504891425, -3.62066501e-08, -0.998724639, -9.87921389e-09, 1, -3.57534553e-08, 0.998724639, 8.06145284e-09, -0.0504891425)
			CFrameMon = CFrame.new(5658.5752, 38.5361786, 4928.93506, -0.996873081, 2.12391046e-06, -0.0790185928, 2.16989656e-06, 1, -4.96097414e-07, 0.0790185928, -6.66008248e-07, -0.996873081)
			SPAWNPOINT = "Fountain"
		end
	elseif World2 then
		if MyLevel == 700 or MyLevel <= 724 or _G.Select_Mob_Farm == "Raider [Lv. 700]" then -- Raider [Lv. 700]
			Ms = "Raider [Lv. 700]"
			NameQuest = "Area1Quest"
			LevelQuest = 1
			NameMon = "Raider"
			CFrameQuest = CFrame.new(-424.080078, 73.0055847, 1836.91589, 0.253544956, -1.42165932e-08, 0.967323601, -6.00147771e-08, 1, 3.04272909e-08, -0.967323601, -6.5768397e-08, 0.253544956)
			CFrameMon = CFrame.new(-737.026123, 39.1748352, 2392.57959, 0.272128761, 0, -0.962260842, -0, 1, -0, 0.962260842, 0, 0.272128761)
			SPAWNPOINT = "DressTown"
		elseif MyLevel == 725 or MyLevel <= 774 or _G.Select_Mob_Farm == "Mercenary [Lv. 725]" then -- Mercenary [Lv. 725]
			Ms = "Mercenary [Lv. 725]"
			NameQuest = "Area1Quest"
			LevelQuest = 2
			NameMon = "Mercenary"
			CFrameQuest = CFrame.new(-424.080078, 73.0055847, 1836.91589, 0.253544956, -1.42165932e-08, 0.967323601, -6.00147771e-08, 1, 3.04272909e-08, -0.967323601, -6.5768397e-08, 0.253544956)
			CFrameMon = CFrame.new(-973.731995, 95.8733215, 1836.46936, 0.999135971, 2.02326991e-08, -0.0415605344, -1.90767793e-08, 1, 2.82094952e-08, 0.0415605344, -2.73922804e-08, 0.999135971)
			SPAWNPOINT = "DressTown"
		elseif MyLevel == 775 or MyLevel <= 799 or _G.Select_Mob_Farm == "Swan Pirate [Lv. 775]" then -- Swan Pirate [Lv. 775]
			Ms = "Swan Pirate [Lv. 775]"
			NameQuest = "Area2Quest"
			LevelQuest = 1
			NameMon = "Swan Pirate"
			CFrameQuest = CFrame.new(632.698608, 73.1055908, 918.666321, -0.0319722369, 8.96074881e-10, -0.999488771, 1.36326533e-10, 1, 8.92172336e-10, 0.999488771, -1.07732087e-10, -0.0319722369)
			CFrameMon = CFrame.new(970.369446, 142.653198, 1217.3667, 0.162079468, -4.85452638e-08, -0.986777723, 1.03357589e-08, 1, -4.74980872e-08, 0.986777723, -2.50063148e-09, 0.162079468)
			SPAWNPOINT = "DressTown"
		elseif MyLevel == 800 or MyLevel <= 874 or _G.Select_Mob_Farm == "Factory Staff [Lv. 800]" then -- Factory Staff [Lv. 800]
			Ms = "Factory Staff [Lv. 800]"
			NameQuest = "Area2Quest"
			LevelQuest = 2
			NameMon = "Factory Staff"
			CFrameQuest = CFrame.new(632.698608, 73.1055908, 918.666321, -0.0319722369, 8.96074881e-10, -0.999488771, 1.36326533e-10, 1, 8.92172336e-10, 0.999488771, -1.07732087e-10, -0.0319722369)
			CFrameMon = CFrame.new(296.786499, 72.9948196, -57.1298141, -0.876037002, -5.32364979e-08, 0.482243896, -3.87658332e-08, 1, 3.99718729e-08, -0.482243896, 1.63222538e-08, -0.876037002)
			SPAWNPOINT = "DressTown"
		elseif MyLevel == 875 or MyLevel <= 899 or _G.Select_Mob_Farm == "Marine Lieutenant [Lv. 875]" then -- Marine Lieutenant [Lv. 875]
			Ms = "Marine Lieutenant [Lv. 875]"
			NameQuest = "MarineQuest3"
			LevelQuest = 1
			NameMon = "Marine Lieutenant"
			CFrameQuest = CFrame.new(-2442.65015, 73.0511475, -3219.11523, -0.873540044, 4.2329841e-08, -0.486752301, 5.64383384e-08, 1, -1.43220786e-08, 0.486752301, -3.99823996e-08, -0.873540044)
